1391
25580
26502
34774
36459
38179
40283
40285
41646
44714
46827
46880
50658
50892
53913
58063
59892
60238
63875
75359
76663
81958
89171
97423
110628
110915
115384
116938
117641
123374
126062
127500
129489
129555
132466
137766
145759
147370
155118
156585
190468
192342
194854
196888
211154
225037
225490
236850
247195
248501
251988
258384
266778
281390
323907
326807
332962
341217
373781
374776
386760
405982
415217
419487
434438
437202
438732
439135
443712
445177
501755
503262
505195
516785
518383
627961
630735
647844
664095
668662
682074
735004
738978
754991
762853
776951
783118
822166
888465
891079
893739
986233
1001920
1037637
1073731
1076706
1087690
1093434
1097476
1125109
1142960
1158259
1231299
1239979
1246449
1253986
1256485
1259185
1264401
1270701
1274968
1290572
1302779
1316417
1322221
1330756
1388633
1411707
1411709
1415401
1428309
1463054
1464585
1466329
1481178
1488047
1490377
1491800
1493332
1502636
1507879
1513047
1513230
1513541
1519263
1543580
1562549
1564055
1571592
1571641
1576937
1582585
1588845
1592403
1597481
1598715
1613686
1618445
1619010
1630244
1641848
1661048
1674105
1674872
1676675
1677424
1688391
1694521
1704329
1706041
1730526
1746993
1754352
1759106
1778356
1791372
1819587
1826146
1844892
1852879
1863199
1863224
1891907
1896650
1910306
1939633
1971884
1978833
1982581
1985592
1985593
1989203
1994939
2002308
2003510
2006992
2015481
2020374
2025224
2034978
2034979
2034980
2047312
2063431
2063891
2067296
2071581
2075680
2088253
2101912
2104920
2152793
2105913
2115970
2117133
2117205
2122926
2135438
2138306
2141710
2146132
2147623
2147703
2170923
2183541
2186888
2194211
2204492
2207749
2208340
2231118
2251927
2256655
2258540
2259921
2261551
2262846
2266550
2267424
2272299
2314637
2277126
2278246
2285687
2293450
2315806
2315807
2320392
2320395
2325981
2348869
2349996
2356485
2359580
2361526
2364104
2369095
2371970
2371971
2385221
2385598
2400783
2404822
2414318
2415770
2433048
2434361
2438314
2444943
2463731
2468594
2472335
2481302
2484271
2486379
2490762
2502026
2532231
2537685
2556497
2559136
2575859
2577054
2577517
2587640
2595014
2598706
2658004
2610216
2623949
2635559
2639476
2641007
2651917
2659376
2691754
2661027
2662619
2665060
2680257
2680939
2685880
2700999
2704136
2704777
2708962
2709049
2713278
2715187
2719372
2747936
2719429
2724400
2727590
2731173
2760616
2771203
2778578
2797780
2797865
2797986
2799220
2800871
2805475
2814151
2819029
2820246
2834369
2836542
2839870
2843789
2855672
2866498
2871342
2871724
2871777
2875756
2876834
2880284
2888271
2892551
2925905
2934166
2936229
2947341
2948735
2960558
2965561
2972595
2983168
2986208
2986336
2991438
2993634
3000335
3007672
3015149
3021082
3031713
3035762
3037074
3045890
3048154
3047030
3059881
3060241
3074958
3081608
3081814
3093891
3099848
3348478
3106488
3107388
3110278
3123451
3124983
3128330
3131969
3133296
3141590
3142373
3142520
3142521
3146245
3156664
3157348
3167519
3168820
3198204
3200574
3205652
4040094
3220664
3221323
3228324
3229063
3237618
3243700
3245476
3245607
3249953
3251863
3263175
3268719
3279345
3282876
3283359
3328439
3284140
3287751
3294349
3298591
3298820
3305684
3307758
3311344
3322444
3331199
3345194
3353880
3354314
3355800
3360389
3385259
3387202
3391450
3396297
3407969
3418836
3428310
3449684
3455732
3460598
3471908
3477929
3478653
3481117
3486223
3493389
3496002
3501642
3502151
3504849
3513478
3513512
3513704
3534705
3541530
3552664
3560769
3561239
3581000
3595024
3595356
3950705
3601018
3602515
3609323
3609324
3612284
3613769
3620355
3622294
3633248
3637216
3651716
3657734
3659336
3677674
3678828
3686513
3687258
3691453
3693390
3694823
4055916
3705346
3711613
3713436
3714739
3720297
3735358
3740462
3741000
3746948
3753988
3753989
3754547
3763964
3768533
3773044
3774322
3777002
3779975
3782578
3784708
3800133
3804286
3812963
3813469
3819414
3824438
3831207
3831286
3833905
3839151
3839691
3839997
3846744
3841553
3841990
3844129
3851238
3858740
3858870
3859195
3870262
3880919
3890660
3890826
3893556
3898164
3899085
3901889
3934268
3906667
3923507
3941000
3956035
3943256
3971015
3971708
3991129
3994999
3999100
4009887
4011065
4016778
4021847
4031791
4053889
4060288
4060358
4061935
4064453
4065131
4082117
4092128
4092879
4096684
4103085
4108545
4113733
4122068
4123907
4126151
4131152
4139245
4142725
4143636
4155480
4177227
4186299
4195400
4223376
4226984
4243850
4244078
4257998
4261870
4275853
4277910
4293162
4308666
4309996
4315896
4324052
4327901
4336435
4336480
4344450
4360371
4360710
4361343
4368253
4369825
4375474
4376547
4384629
4384680
4393708
4432365
4446792
4448661
4453838
4454781
4465094
4482186
4490777
4491407
4491526
4520293
4532791
4544223
4546068
4557952
4567790
4570045
4570985
4579540
4580189
4584861
4590302
4597913
4611968
4617601
4621908
4640909
4646136
4654502
4659858
4660029
4670701
4673688
4674901
4681729
4682178
4684902
4692616
4693029
4693030
4704071
4707220
4711859
4722307
4723947
4732429
4745776
4757319
4773848
4775433
4829693
4832214
4856444
4872639
4872652
4874635
4881839
4886262
4886268
4962657
4972975
4985347
5014757
5023598
5033661
5086956
5098842
5114326
5125520
5126242
5136717
5147502
5157686
5168155
5169249
5169359
5179234
5198852
5204794
5214107
5240114
5265618
5294707
5294755
5309661
5330257
5336289
5344938
5337308
5351049
5366896
5397609
5406573
5416133
5427567
5495373
5498878
5517168
5545768
5558824
5595063
