40531
52741
57401
83198
93842
101115
103403
103476
105531
111142
129934
135804
156927
157244
163054
163836
164183
166068
178095
184308
188819
195946
221409
235949
247999
250830
255700
258252
255705
268445
274085
276365
290581
293291
296435
308350
325209
336295
342423
345701
350646
378617
399221
410798
417897
421532
431147
431957
433440
441128
451400
459939
460360
486131
493755
529108
539090
544136
548219
546148
546514
558277
591657
673924
609741
622287
630739
643607
670743
673787
676193
680886
681786
691893
702532
703177
706798
712147
723285
725198
732932
944709
733487
3830489
738606
739845
753001
754244
761541
773184
788625
790428
804714
815690
829336
851973
853412
853625
853918
859034
860731
863037
865364
873811
876674
879002
891695
892780
898514
909494
916387
922661
936390
943940
944104
947708
953762
1723657
956099
958642
968101
971402
971528
974072
974653
974854
975036
980800
978382
988793
1017899
1024483
1027542
1035836
1041710
1041727
1072406
1073275
1076952
1086008
1084043
1095507
1097543
1112445
1116546
1121089
1123314
1130706
1148834
1150189
1151454
1183543
1207310
1210713
1240566
1256881
1271343
1290503
1293638
1299081
1316910
1343543
1353352
1368355
1375890
1384287
1384674
1406645
1409814
1414553
1428656
1428999
1445816
1485507
1489205
1531707
1531709
1537587
1542024
1544394
1565997
1575968
1577780
1589280
1584191
1601083
1593298
1594070
1604098
1609526
1618998
1624401
1636976
1647371
1649596
1652117
1652732
1653751
1654261
1657536
1668413
1689336
1690615
1724279
1731906
1758488
1776627
1776628
1782834
1802518
1810124
1811243
1813044
1824472
1873147
1882462
1894827
1898894
1899081
1905916
1912412
1918039
1921102
1940657
1947203
1954030
1962068
1962116
1972190
2002273
2009330
2022876
2025224
2040981
2046298
2047954
2064116
2073439
2076056
2083421
2088910
2090130
2116069
2121644
2135839
2140762
2153468
2160919
2169831
2335226
2172642
2176783
2180386
2182043
2193339
2195777
2202288
2251196
2225267
2225415
2229845
2233752
2235730
2240298
2241519
2259080
2262286
2267530
2272242
2274048
2274675
3188581
2275554
2275555
2287170
2302615
2313156
2327014
2332353
2337729
2341409
2343378
2349187
2356185
2361038
2434490
2519731
2380060
2382510
2384410
2386416
2399771
2403842
2417383
2399861
2400672
2403602
2422778
2430027
2431215
2443183
2445727
2446758
2452922
2459999
2470943
2470983
2476090
2491739
2492021
2523637
2533037
2542956
2569702
2571083
2571835
2579626
2580333
2587040
2589464
2597931
2601115
2617689
2607912
2611562
2626414
2636342
2642726
2643264
2643135
2643263
2646064
2650781
2656293
2659374
2667608
2671123
2674124
2682675
2685423
2696241
2702693
2709059
2717037
2719411
2722324
2730823
2732802
2738811
2751464
2760226
2764729
2821129
2780084
2787146
2820118
2837034
2922983
2923893
2933979
2965560
2974697
3002935
3022597
3030197
3036937
3039415
3047640
3073475
3081820
3084618
3098962
3104462
3114265
3127080
3140225
3141737
3142522
3152315
3155766
3156966
3158093
3159395
3162593
3170040
3177305
3179892
3197257
3198214
3205099
3205713
3263112
3270411
3279614
3276673
3283045
3278008
3284712
3287743
3362294
3295947
3320894
3867131
3307953
3312066
3316275
3321417
3327875
3329211
3333570
3346524
3348955
3357259
3360063
3372126
3373281
3375429
3376247
3378490
3381413
3381770
3396022
3397882
3400152
3411862
3414775
3422878
3424918
3425294
3437423
3443915
3444161
3454956
3455765
3460666
3465661
3469819
3472780
3475430
3481382
3532394
3537096
3543537
3545479
3553341
3554892
3558936
3565397
3572629
3586004
3590498
3591343
3594350
3612240
3614628
3622085
3632948
3636819
3637778
3638569
3641175
3654633
3681469
3658830
3666547
3668320
3683710
3688573
3688582
3688586
3689083
3690639
3693426
3735338
3698344
3700543
3706111
3717100
3718752
3798036
3722099
3722939
3727851
3728099
3742299
3743459
3758092
3799631
3763993
3782325
3784680
3790688
3801848
3817164
3817514
3818423
3831292
3838647
3848610
3851546
3853310
3854365
3854672
3861051
3867716
3875292
3882484
3885902
3888390
3890269
3904943
3905815
3926417
3939073
3949136
3949463
3950404
3956697
3962232
3975976
3994307
3986880
3994499
4010843
4026577
4028188
4030096
4031723
4042140
4043342
4051069
4073754
4061366
4068659
4093480
4103863
4113747
4131789
4142155
4150869
4158786
4160126
4178339
4189708
4195808
4195809
4199109
4225053
4226272
4227848
4234239
4234887
4245875
4246752
4261055
4271944
4290147
4303367
4323253
4327903
4329890
4344474
4352790
4370367
4376789
4390697
4378416
4378489
4381661
4392966
4406668
4406775
4439615
4451198
4461463
4467639
4482775
4485297
4485736
4487197
4507363
4507953
4511442
4523235
4529168
4529390
4549825
4555628
4560892
4563036
4563894
4572886
4582787
4588421
4611146
4618228
4635746
4636740
4680811
4682465
4691446
4691569
4699233
4711474
4714682
4716424
4718264
4722333
4729228
4729483
4732147
4746100
4777600
4851464
4877969
4913633
4916272
4921603
4926501
4934870
5005203
5007030
5028925
5031235
5033923
5050686
5067877
5116495
5120264
5121272
5130287
5132738
5150032
5156162
5168184
5169354
5169388
5179688
5179981
5189949
5210536
5218819
5244932
5253886
5260693
5267248
5292488
5337528
5338654
5347221
5347909
5367755
5386833
5399467
5402491
5409997
5468247
5495269
5504900
5511965
5517089
5547655
5550584
5561137
5563647
5593714
