1562
3290
10801
18682
19327
19696
21677
26653
29796
29908
33404
33555
33736
34056
34859
35449
37318
37995
38359
38768
41586
42763
43666
43765
43827
46083
46827
48416
54708
48874
49532
50721
53340
53493
58970
58978
60560
63053
63115
66662
71467
75574
79749
82364
96763
99997
101337
103297
105534
108936
127842
129874
131147
131564
136556
147506
147728
170608
178966
264894
283499
381798
440569
515360
557980
689060
734653
751969
800385
808996
907302
929453
989370
1018250
1025870
1124454
1124628
1216309
1236367
1322582
1352167
1372439
1387177
1424776
1437794
1445844
1454746
1473795
1502635
1505568
1572152
1580728
1582809
1596819
1669949
1685542
1700102
1746034
1760614
1760652
1773874
1775268
1777047
1778268
1789393
1800409
1814067
1831280
1832018
1840535
1897952
1930631
1935976
2008760
2040225
2043224
2051306
2069629
2094861
2140701
2140702
2142807
2169793
2202052
2220176
2248867
2315806
2338753
2369436
2397393
2408244
2422377
2418623
2422102
2455561
2475258
2483305
2491586
2506205
2511210
2522615
2554221
2577054
2601374
2603690
2613107
2616114
2617072
2619929
2624072
2640962
2643271
2648904
2675809
2676742
2680793
2691818
2692580
2699269
2709076
2709544
2721646
2727958
2730822
2730823
2741533
2747936
2749116
2769843
2779282
2792178
2808746
3888965
2826322
2833713
2842820
2847694
2854749
2857813
2894166
2902195
2924612
2960994
2991768
2968653
2980850
2986202
3037814
3049438
3050377
3057706
3060775
3067209
3073557
3079877
3081873
3083883
3087147
3102956
3107885
3117687
3121051
3121053
3148192
3155890
3162305
3168616
3169067
3176675
3182051
3184612
3186236
3188331
3188710
3193194
3195063
3205010
3205506
3216914
3238838
3239506
3258973
3271647
3274707
3278399
3281108
3281723
3303149
3304284
3311356
3322610
3324263
3326410
3330566
3333734
3336643
3351781
3370523
3395211
3398520
3399783
3411754
3460540
3461168
3462239
3462557
3467013
3502649
3502915
3505245
3511198
3515008
3515933
3526424
3529079
3554367
3562497
3573610
3582275
3593915
3606082
3606350
3615473
3617054
3620310
3633250
3634667
3636155
3639639
3642686
3652650
3653808
3661274
3685120
3687361
3688318
3925545
3697551
3698096
3702140
3754385
3764146
3764198
3768725
3771428
3771851
3773063
3788301
3798811
3798812
3802110
3808761
3816936
3824115
3824938
3826148
3847724
3853742
3871118
3881815
3890628
3901299
3938048
3943194
3959448
3996270
4014111
4021064
4031234
4053883
4060288
4060628
4070790
4074179
4103755
4111667
4121723
4131111
4138996
4174301
4180733
4200147
4259267
4267118
4274288
4281676
4292338
4304041
4306305
4322122
4323105
4332034
4327106
4336216
4354563
4355251
4359971
4368554
4368636
4384362
4387718
4401721
4423384
4446820
4463596
4464981
4484080
4489979
4494080
4564220
4528627
4600953
4626976
4639905
4645720
4658279
4663093
4665432
4665741
4673193
4681897
4707221
4713547
4745651
4757187
4757417
4766490
4810161
4829833
4830176
4881352
4882748
4922783
4923815
5087809
5089399
5135786
5179186
5190321
5196864
5202227
5210621
5223326
5235483
5249343
5297777
5315579
5329382
5348083
5349133
5386827
5497651
5550581
5580520
5624229
5626650
