1147
16611
24695
25224
25580
28065
28148
32619
33158
36547
37166
40202
41313
44714
46827
48096
48098
49644
49866
50148
50658
50892
52245
52911
55474
56914
58063
59063
60858
62084
64266
65233
66246
72419
72783
75359
76663
87223
88176
89229
90961
94264
95382
95901
96095
96379
97423
97934
100237
102736
110628
110914
115384
117424
118068
118687
123708
124993
131286
135804
145070
146610
147656
155632
168080
169329
172662
178966
202799
205379
216272
217493
220330
227061
228679
240689
248028
248991
249516
252103
254002
256027
263241
292589
266044
272645
274365
278451
279481
280034
283965
285086
291285
292999
312959
316018
319499
320127
321559
331565
340652
340937
344709
461608
345189
391402
403276
412288
416971
431717
443713
446378
523376
542336
634351
649034
655794
658994
669496
683302
712015
722894
730865
733943
744672
779523
800237
815857
831868
859007
860793
875314
932034
952010
958282
986803
997556
1007896
1020839
1043223
1103732
1109972
1115112
1120350
1120556
1125657
1142960
1175602
1178810
1188172
1245365
1192179
1222034
1234064
1241924
1247752
1270943
1296596
1306871
1320835
1330531
1332900
1358299
1358482
1359734
1368231
1405185
1406742
1417119
1430468
1432320
1433306
1466728
1467820
1493332
1494341
1498537
1504551
1517908
1522330
1522536
1523514
1541098
1573659
1584907
1593083
1606436
1606444
1613453
1615739
1620698
1619335
1632051
1636127
1650328
1656879
1669804
1674105
1680481
1694799
1705459
1714634
1714636
1717648
1716875
1734270
1737486
1738984
1746840
1959500
1761256
1767713
1768093
1771721
1780840
1787984
1789071
1789641
1800939
1809677
1810815
1836680
1836851
1838256
1844892
1848985
1849703
1852786
1865143
1865292
1871739
1888862
1911123
1916015
1936867
1939633
1939988
1947706
1955676
1958263
1978834
1991908
1996783
2008757
2011762
2017276
2017881
2019294
2021589
2022893
2025135
2028397
2028519
2047312
2243197
2048161
2054205
2057824
2058539
2061188
2065883
2067859
2067990
2073859
2092259
2096611
2097099
2097442
2101911
2116103
2118515
2123588
2130349
2134906
2137200
2138306
2139992
2140702
2141086
2152416
2154658
2155962
2161305
2164315
2167576
2174050
2176407
2180986
2182383
2182766
2187624
2191964
2195755
2196360
2197297
2197544
2197734
2200532
2200803
2202224
2207263
2208602
2218160
2220831
2223544
2225300
2226666
2238398
2239240
2246356
2249015
2251476
2256378
2258540
2259971
2260036
2260268
2266726
2267887
2270749
2273958
2278201
2283930
2291881
2681313
2294389
2311523
2317907
2319348
2322266
2348511
2324204
2325093
2328433
2337035
2349207
2358493
2359580
2360532
2361457
2368664
2374464
2384823
2398960
2400633
2400783
2413427
2418106
2422768
2427894
2428214
2428598
2430975
2431781
2431862
2436870
4361342
2439735
2442834
2444326
2444971
2454944
2457975
2459171
2466971
2484459
2485993
2486175
2510875
2489209
2494801
2494818
2504345
2522710
2527866
2527908
2529041
2530448
2532497
2532942
2548006
2554585
2556492
2564546
2565154
2570115
2570594
2575810
2578838
2581938
2588362
2588481
2594993
2602090
2602180
2603038
2603690
2603707
2603745
2603753
2605902
2613078
2615813
2619350
2623025
2625446
2628802
2630863
2631202
2633683
2634223
2640530
2643101
2643166
2643263
2650711
2651794
2850156
2653535
2657668
2662619
2663920
2665294
2670869
2674872
2680257
2680275
2680522
2682718
2689030
2689672
2696280
2697858
2698283
2699274
2699289
2708983
2709080
2709094
2716029
2719327
2719372
2719427
2719437
2719439
2720001
2720275
2727221
2730824
2730848
2731221
2741020
2741605
2748386
2761040
2769042
2771171
2790639
2775779
2779114
2784944
2787387
2789103
2791506
2796075
2799098
2803777
2812094
2819029
2833226
2851425
2854062
2854132
2856172
2856232
2856473
3234400
2857447
2866813
2866814
2868859
2875540
2875795
2876814
2880032
2880033
2890070
2892551
2893305
2901533
2924673
2929650
2934950
2937543
2946441
2948994
2952961
2955651
2958967
2959643
2964306
2968949
2989093
2998444
2998445
3002756
3007522
3007992
3010598
3020303
3021082
3021162
3022085
3028087
3032009
3034595
3044456
3045587
3046047
3054838
3059881
3061894
3069004
3072862
3076104
3081344
3093891
3097055
3101133
3102195
3106078
3106488
3106686
3113862
3114483
3116629
3130085
3141680
3143684
3151660
3155182
3448175
3168103
3168758
3168773
3170084
3839151
3181228
3181298
3534472
3189187
3192013
3192177
3192828
3195227
3196613
3198204
3200116
3205344
3205642
3217086
3211586
3212067
3214356
3216819
3216882
3216936
3226351
3227595
3228701
3229041
3236326
3238631
3238884
3244103
3244647
3248733
3250615
3252552
3256262
3256477
3257370
3258978
3261566
3265614
3266341
3267246
3271290
3276444
3283354
3283617
3284041
3284140
3287758
3287875
3292816
3296885
3298591
3298593
3299353
3299402
3299463
3311376
3311383
3311891
3317518
3322093
3322444
3322445
3322611
3324646
3326071
3333701
3333729
3333738
3333760
3348478
3349363
3355013
3355800
3356020
3361673
3365977
3374192
3387202
3387223
3393232
3396297
3397001
3422381
3432910
3433462
3433708
3434177
3448295
3449684
3452738
3454166
3458266
3459467
3461983
3462254
3462557
3468981
3472221
3473327
3762761
3482781
3486223
3488059
3489297
3493597
3504120
3504979
3513203
3515720
3520394
3521910
3524523
3524640
3529582
3539612
3533664
3533716
3534849
3535265
3535279
3535586
3690388
3544947
3556182
3557419
3561239
3570319
3580554
3582311
3582790
3583814
3585167
3590175
3599744
3603269
3606082
3608334
3619397
3622644
3622662
3623423
3623602
3624614
3745604
3625849
3625983
3640546
3641172
3645023
3646910
3647939
3651944
3657734
3658467
3662228
3663931
3665398
3667745
3674243
3678140
4052151
3681026
3682160
3685132
3686513
3688671
3688687
3689590
3693390
3694824
3698176
3698586
3707925
3710856
3710857
3711270
3711613
3713817
3720297
3721177
3749509
3752966
3754411
3761562
3764198
3764329
3764538
3764586
3768533
3778960
3782578
3784708
3790303
3791771
3792239
3793302
3793462
3793524
3800389
3802261
3805896
3814631
3822585
3822820
4180832
3826131
3838130
3838729
3838790
3839691
3839997
3841553
3841641
3853099
3954418
3853301
3859195
3860777
3860846
3870421
3870876
3870885
3871780
3872185
3874056
3880911
3880922
3880946
3880947
3880952
3889200
3890628
3890637
3890721
3890912
3893556
3898164
3898501
3902488
3902744
3903603
3906231
3911085
3911262
3913691
3914882
3920118
3924007
3924950
3927321
3929092
3935217
3944260
3947583
3947610
3957321
3958030
3958596
3964687
3965274
3966597
3970409
3992308
3993221
3994108
3994999
3995174
3996028
3997627
4003657
4010621
4015706
4016883
4068581
4024925
4027429
4027503
4027854
4031511
4037655
4044864
4050010
4056372
4058452
4059680
4059836
4060155
4060358
4061935
4062914
4065131
4069835
4070062
4131423
4071947
4072053
4072248
4074995
4075388
4076639
4082981
4083618
4086865
4091819
4096689
4103194
4123907
4126032
4128912
4131536
4132362
4133726
4133852
4142758
4151120
4151384
4158057
4158961
4159987
4160038
4160997
4168858
4168943
4171278
4171830
4173117
4177227
4178373
4196782
4197935
4202292
4208911
4211053
4215698
4216066
4216395
4221264
4222042
4235722
4243850
4248349
4250198
4253809
4254854
4255853
4258413
4259049
4265839
4266170
4266525
4269943
4275773
4279184
4280310
4284784
4286852
4289802
4290284
4294767
4300734
4304502
4298735
4305344
4305539
4306340
4309995
4314180
4315762
4318701
4328469
4333380
4336477
4336904
4338828
4343237
4346099
4347815
4350430
4351866
4352411
4352856
4353416
4357322
4357613
4365526
4368565
4371079
4371697
4376248
4378244
4390052
4392973
4393040
4410811
4393710
4405670
4414654
4425211
4437568
4444821
4447148
4451457
4452821
4454416
4458449
4462722
4463471
4465094
4466873
4468656
4469976
4471528
4481263
4489728
4491577
4492502
4494314
4499196
4499443
4501442
4502371
4502850
4502914
4508508
4508945
4510406
4510407
4517629
4518975
4519508
4519512
4519514
4523132
4527213
4529295
4535794
4535796
4542585
4544596
4546391
4546651
4554097
4557694
4563463
4563724
4565976
4567593
4570593
4571943
4572321
4592709
4595153
4598326
4598549
4617737
4620303
4625312
4625795
4625984
4627159
4630382
4631786
4631919
4636161
4636252
4636275
4639129
4641177
4641212
4644086
4644186
4645912
4650494
4652670
4654351
4654502
4654509
4662244
4663532
4664555
4665432
4671490
4672996
4673688
4677923
4682422
4690728
4691520
4692680
4693507
4697394
4699025
4703270
4703543
4704108
4704403
4705085
4713553
4714246
4714624
4720941
4721052
4721143
4721632
4722372
4722524
4724340
4724518
4724671
4733026
4733040
4733771
4737238
4739476
4746043
4746155
4756890
4769650
4785531
4788654
4803887
4805663
4826296
4842520
4843500
4844605
4848177
4864380
4873724
4874888
4876037
4877160
4881737
4885057
4899986
4901964
4904160
5047667
4926580
4929311
4930580
4947118
4952893
4960361
4961217
4962657
4975164
4983829
4986000
4986421
4986428
5004414
5008446
5029247
5033589
5057461
5109226
5111133
5112929
5118938
5132658
5134929
5136717
5157310
5157510
5157911
5161095
5168188
5168274
5168342
5169249
5169402
5175751
5179285
5179439
5181075
5189967
5189975
5190572
5201142
5202302
5203038
5203304
5207533
5207671
5214177
5214778
5218412
5244712
5244723
5254210
5258207
5283500
5296362
5317177
5322557
5323857
5337568
5342131
5376271
5386825
5389030
5416132
5417941
5430576
5436492
5443532
5454977
5507589
5512775
5513505
5517288
5526747
5537546
5539749
5546521
5550936
5551796
5574704
5582780
5584190
5584516
5584787
5595152
5604349
5604614
5616557
5618038
5618371
5618381
5628557
5638760
5710219
