72469
89229
95382
103051
104389
109301
118068
135804
136553
137766
157861
188835
206567
217493
221026
225675
239104
252290
281390
285549
305445
306683
319694
339641
375346
416211
458793
480371
494818
550235
569735
588145
588523
589675
589969
641605
655794
701528
734184
771496
795627
821165
827952
889177
991051
1018247
1044831
1074629
1076701
1109797
1132846
1160967
1162919
1172667
1178810
1249833
1181750
1193310
1238045
1269564
1278874
1306871
1315116
1345671
1403318
1417119
1443057
1453416
1453420
1456417
1464221
1467820
1484308
1499797
1513223
1513623
1531707
1534777
1538480
1543133
1555562
1559394
1562891
1579234
1563135
1567435
1567613
1571592
1577898
1696541
1582621
1604699
1609253
1609385
1611995
1616568
1674687
1620583
1647382
1649466
1652205
1701907
1706044
1725369
1730139
1750943
1761256
1770594
1772746
1775314
1787984
1789641
1793422
1800218
1841827
1852786
1877730
1890389
1895993
1896581
1912910
1914227
1918015
1935864
1935932
1939637
1943166
1965586
1971458
1990517
2008690
2025135
2045766
2061188
2063886
2085958
2097288
2109348
2118714
2123472
2125408
2139064
2139172
2148690
2152416
2152441
2153590
2156980
2160548
2161036
2164160
2164713
2193364
2202545
2221627
2224855
2228784
2237075
2244941
2250670
2250760
2255188
2258007
2258598
2269224
2294389
2307721
2317907
2319348
2342037
2346531
2349207
2352233
2358493
2378549
2385728
2394332
2407152
2410799
2427563
2439848
2449773
2453711
2454006
2457401
2457669
2459171
2485991
2494075
2526517
2528930
2532497
2533116
2537657
2556679
2567564
2568398
2570326
2581271
2581860
2582808
2584895
2585251
2589617
2592033
2594785
2594993
2595779
2603674
2603764
2613093
2613178
2618028
2621030
2635855
2624930
2633906
2634223
2636821
2639520
2643120
2659351
2680271
2680824
2686709
2689510
2696100
2696280
2702487
2728951
2729964
2731544
2742338
2744129
2755564
2921013
2756344
2768157
2769042
2775959
2812094
2829462
2840550
2840551
3007213
2842837
2843995
2844710
2852047
2852070
2856086
2856171
3142574
2856583
2861782
2863530
2866795
2868387
2873706
2877353
2881612
2884476
2894601
2896396
2903363
2909941
2921419
2924447
2926505
3327772
2929337
2934771
2945758
2954718
2960557
2960558
2964306
2965623
2968792
2971378
2983143
2984909
2995631
3011793
3019887
3045021
3057312
3059613
3070647
3072704
3081344
3093816
3082467
3089381
3097451
3103322
3103748
3108320
3113862
3116701
3118300
3135464
3138415
3141593
3145691
3150892
3155167
3155237
3155281
3161292
3165704
3168036
3169364
3171835
3178140
3181303
3189028
3197242
3205626
3205642
3207481
3214031
3216227
3224506
3231534
3244733
3252165
3262568
3263097
3268217
3276559
3279036
3283393
3287710
3287712
3294612
3367445
3296885
3299353
3311238
3311376
3315708
3321406
3323074
3328439
3328862
3338157
3358678
3361673
3362019
3373331
3378348
3387976
3421429
3539717
3421904
3424927
3425143
3433242
3434277
3902488
3434682
3434683
3523381
3434979
3447527
3448524
3448616
3449920
3452981
3462461
3459525
3460802
3471944
3481651
3485307
3491216
3493154
3494692
3502092
3503329
3511023
3511041
3522486
3530613
3535279
3539959
3546478
3564236
3579011
3579919
3588299
3593475
3593839
3595094
3601518
3605061
3609956
3613773
3621504
3715945
3622644
3624949
3633058
3645150
3647621
3647939
3648817
3662485
3666952
3669551
3699002
3822167
3845952
3674291
3676680
3682480
3691977
3695851
3701960
3707925
3713370
3714117
3717471
3731317
3732612
3742259
3744325
3744326
3744361
3749509
3750123
3754436
3760461
3761470
3761560
3761923
3774127
3774858
3777700
3785409
3786028
3793495
3795374
3808973
3809242
3813017
3814406
3815776
3816750
3822619
3828880
3829894
3829895
3830615
3860325
3833517
4468656
3834534
3838743
3840298
3836427
3841547
3841641
3846505
3847735
3849200
3853099
3859480
3867299
3869998
3871715
3874056
3879761
3879863
3880911
3884610
3886654
3887604
3906448
3910658
3924007
3929301
3934457
3943881
3968793
3980849
3988377
3988644
4001015
4005678
4009773
4018084
4018274
4024925
4030378
4033810
4041492
4133726
4187402
4056033
4060883
4079711
4082381
4083618
4088995
4103877
4122028
4123407
4125560
4128471
4130993
4131547
4160997
4168894
4169046
4171278
4174136
4176644
4194938
4205923
4208911
4209015
4240722
4243484
4245353
4258011
4266525
4267590
4267591
4267593
4275130
4278172
4284866
4304136
4322602
4323108
4349039
4325843
4327899
4329055
4331875
4332113
4358928
4339776
4344469
4345843
4346780
4349038
4352324
4352819
4359822
4360360
4360972
4361284
4361850
4361980
4362143
4368596
4369183
4375380
4378303
4378483
4384671
4389515
4390422
4392869
4392949
4405093
4420726
4408321
4410800
4425211
4431936
4432168
4503586
4432911
4457624
4459402
4459877
4460087
4466873
4472681
4472924
4475963
4486792
4487646
4489714
4495198
4496644
4499443
4502085
4504261
4507036
4507150
4518098
4519187
4519829
4526066
4527120
4527122
4529309
4556940
4536116
4551033
4553346
4557694
4562960
4562961
4563485
4563806
4565975
4566200
4575043
4584277
4588326
4592867
4599976
4612353
4617846
4622075
4626526
4630928
4630929
4634028
4638198
4643978
4644043
4644178
4646927
4653245
4654361
4662234
4663439
4669414
4670562
4672937
4673139
4674113
4674907
4684740
4693078
4693685
4703037
4711076
4713808
4716371
4789150
4954070
4722412
4722988
4733041
4733771
4736525
4746163
4753450
4757532
4759385
4766086
4771939
4775318
4795475
4800248
4804951
4816582
4822303
4827799
4840663
4864391
4864428
4865220
4874721
4879618
4887202
4887203
4894244
4960361
4894367
4898008
4901363
4924785
4927430
4929311
4936953
4951957
4972295
4975086
4977435
5008489
5020754
5023251
5023395
5023717
5054241
5068533
5094986
5108521
5110964
5120133
5123217
5124803
5126483
5133680
5136317
5151155
5159369
5151937
5168274
5181475
5185652
5189921
5202230
5210396
5212343
5212695
5229989
5212736
5323855
5212963
5214265
5219924
5221704
5231063
5245068
5255192
5277178
5289174
5300014
5309309
5349750
5416075
5420610
5420612
5460256
5504044
5530999
5539745
5542338
5549443
5552934
5558955
5562925
5577040
5595062
5595691
5604597
5616511
5618061
5628217
5638746
5743373
