110914
122693
251596
270490
306018
316018
355262
368845
462700
490910
546944
622589
652604
641071
736300
804021
816472
904742
931575
965842
991214
1063714
1091511
1093661
1095907
1103732
1115112
1158221
1174596
1206499
1259243
1271476
1273321
1279490
1292241
1294043
1299008
1306871
1331610
1351972
1353521
1387233
1410301
1438557
1447689
1454407
1458835
1463294
1463564
1481624
1496794
1481797
1495322
1512093
1522554
1530633
1541243
1543094
1564749
1572436
1582902
1583412
1584957
1586384
1592403
1594988
1603596
1607327
1628483
1628717
1652613
1661222
1670005
1678973
1694395
1740092
1741093
1757236
1760763
1763410
1808238
1771721
1994789
1774821
1780051
1785659
1791372
1793793
1814069
1819587
1842523
1843575
1849128
1849134
1849487
1863228
1864175
1883742
1884850
1888862
1897316
1908705
1909963
1912896
1924977
1975886
1976027
1981831
2007648
2011173
2018651
2020382
2038186
2038860
2063029
2089074
2089429
2096523
2097855
2114461
2116103
2132924
2139992
2161305
2170923
2171298
2194715
2195883
2205164
2216595
2219810
2220380
2220831
2220885
2226504
2227418
2227739
2233760
2234734
2248107
2259800
2266726
2267887
2275680
2280029
2290441
2295392
2305462
2319009
2326801
2352180
2354009
2357589
2361457
2361622
2362655
2371698
2380608
2385598
2389811
2397737
2399834
2406768
2430265
2431090
2442117
2447186
2476568
2477307
2484169
2502505
2517107
2517565
2528621
2535680
2742940
2556347
2557886
2568326
2570453
2572531
2582733
2603689
2603745
2610932
2621146
2623950
2623955
2624022
2631167
2633684
2633747
3413415
2633754
2637278
2638692
2643203
2650711
2651853
2658705
2662928
2676292
5302466
2680634
2689434
2689478
2694322
2699135
2699222
2701902
2708985
2708997
2744506
2754917
2719328
2728977
2787781
2793108
2803777
2806219
2807033
2810600
2815293
2843789
2846548
2847746
2850156
2852271
2856473
2860158
2867706
2886415
2890370
2894718
2895406
2899195
2902384
2906715
2907083
3622014
2908767
2917552
2921737
2957541
2968616
2968871
2974083
2983785
2996940
2998524
3008936
3010492
3019749
3020256
3027843
3036160
3059218
3066436
3066648
3070154
3070685
3073604
3075536
3079004
3088183
3119382
3142496
3143271
3153693
3154910
3156268
3168353
3169941
3179973
3180421
3188799
3192283
3200847
3202728
3204870
3205646
3205720
3207047
3209907
3227488
3228701
3267248
3238631
3241746
3241863
3244371
3257450
3263131
3263248
3274678
3287875
3297831
3311891
3315941
3333794
3316498
3321542
3322445
3325486
3332588
3333446
3333706
3338638
3339815
3340750
3343177
3352047
3362963
3370358
3371330
3377883
3394210
3398915
3404214
3406918
3407111
3414894
3419879
3409907
3411617
3412161
3428095
3431235
3434085
3434488
3448347
3460998
3474632
3475429
3475695
3481644
3495841
3513620
3524570
3528869
3533276
3541966
3542674
3543498
3549507
3554263
3555094
3557881
3558555
3562538
3580589
3583774
3587036
3595011
3598494
3603269
3603511
3612216
3612219
3613873
3616050
3621995
3623554
3629002
3632796
3634732
3634733
3657888
3661943
3664998
3665124
3666660
3676436
3682900
3683148
3688644
3700881
3710955
3711243
3721177
3736115
3740462
3742233
3754444
3755660
3756543
3765966
3771872
3777366
3791771
3802110
3802913
3812328
3822820
4146525
3825151
3832831
3838130
3843162
3845085
3845870
4142758
3851585
3856409
3860846
3861178
3863197
3866198
3879284
3882667
3890688
3890746
3899162
3900708
3906771
3916412
3925951
3931858
3937223
3938919
3950907
3991497
3997455
4027941
4031511
4043068
4043832
4061363
4065173
4079281
4093503
4093543
4096284
4098596
4098658
4099189
4103532
4107644
4107647
4114834
4117550
4122168
4133512
4140869
4151120
4157489
4162520
4168866
4170562
4176948
4178373
4178950
4179715
4182702
4184702
4186238
4186705
4186806
4186897
4187655
4197392
4197393
4207798
4210354
4214693
4241312
4256235
4257855
4258540
4262164
4265109
4267270
4274701
4277946
4280310
4289802
4294767
4300255
4304684
4315762
4329790
4331157
4331387
4333021
4336670
4340999
4344442
4353619
4353815
4355924
4366467
4368609
4369931
4375019
4384672
4385158
4392955
4395564
4396949
4424858
4435554
4449006
4452197
4459546
4462884
4471357
4482186
4491407
4500749
4507893
4508945
4510407
4516398
4536506
4537459
4538482
4544317
4544330
4550807
4551038
4553976
4555493
4559251
4572393
4576729
4582426
4587097
4589176
4593476
4598326
4624782
4625807
4629735
4637337
4639129
4643979
4644353
4645349
4647100
4652841
4652942
4653785
4653786
4654814
4661937
4663664
4665964
4670610
4673150
4682228
4688095
4691300
4702981
4703307
4703382
4708640
4711391
4711859
4714410
4745590
4749065
4749489
4756819
4757552
4759466
4792248
4794599
4796242
4805574
4809574
4829859
4829864
4840080
4843500
4845195
4877160
4886270
4892773
4900077
4916932
4933777
4935479
4945202
4983855
4996867
5001672
5021823
5028212
5040701
5048681
5109226
5112811
5119704
5124793
5126280
5152934
5157528
5169951
5172213
5179281
5180482
5184757
5187418
5189807
5189933
5196070
5199832
5202177
5207644
5216070
5222292
5223064
5224800
5235226
5238579
5238639
5245140
5259525
5270820
5271578
5274827
5275994
5278604
5289092
5293826
5298197
5309402
5337310
5351049
5353313
5365430
5370073
5371913
5417844
5421342
5426220
5426223
5426226
5430444
5525324
5564231
5582799
5582926
5593538
5615847
5617534
5619761
5637778
