116128
164432
168504
169841
207051
207501
252238
260843
261729
263900
264090
277983
309901
309902
313429
393845
432155
446261
547566
552068
555797
569113
665375
722844
727204
730840
862246
893916
905550
1177658
1177665
929941
943380
988646
988647
1099473
1146074
1148769
1154100
1176292
1240390
1245365
1270888
1292962
1321943
1347584
1367861
1373031
1454087
1530797
1647345
1593674
1593690
1632337
1846898
1614500
1626385
1617731
2249015
1636127
1644648
1648053
1661565
2111279
1671239
1730657
1749360
1758838
1810374
1833710
1847271
1850246
1856757
1897638
1903676
1924478
1924479
1911303
1963137
2069933
2386363
1936949
1944228
1948918
1993418
2006819
2010058
2012009
2114786
2216541
2032559
2039544
2040764
2047227
2431442
2539707
2063785
2103963
2103968
2103969
2334023
2395941
2403914
2106506
2109448
2185951
2137969
2156392
2207855
2222880
2279004
2225073
2232194
2256943
2257874
2257876
2257877
2282405
2387523
2391222
2288722
2288724
2463762
2463763
2463764
2292999
2313561
2322515
2332798
2363972
2444513
2915505
2495226
2496721
2502827
2502889
2540064
3010882
2557463
2612742
2613076
3036752
2624008
2635981
2640530
2643109
2643167
2650676
2681490
2670818
3208691
2680247
2680522
2689459
2699218
2699219
2708952
2709083
2719305
2730613
2731700
2739265
2786752
2786753
2793345
2808550
2830402
2830403
2830530
2830531
2831708
3414749
2881154
2881155
2887101
2958184
3049607
2969151
2969152
2981278
3170315
3007673
3007674
3008876
3033661
3033662
3034033
3042522
3045774
3045915
3069193
3071701
3077141
3081735
3093177
3106302
3106412
3107447
3110365
3113527
3330579
3117956
3118171
3121468
3129534
3129616
3130037
3143545
3144021
3144507
3151589
3154742
3155328
3157792
3158432
3159058
3168378
3168762
3169031
3176799
3180896
3181311
3181385
3182721
3193037
3193038
3199271
3201572
3204596
3204875
3206294
3213279
3218308
3227911
3228585
3252187
3258081
3262474
3287485
3290841
3855707
3292028
3297498
3301542
3303545
3309668
3311312
3314031
3322566
3323278
3336632
3325902
3327905
3333700
4101047
3337054
3353575
3382077
3421603
3448872
3459995
3480173
3481619
3481658
3483579
3484502
3491877
3493282
3498809
3517044
3524472
3532385
3557351
3568595
3580334
3580415
3591895
3594996
3600714
3600715
3611958
3612598
3615775
3622207
3622253
3633292
3644373
5426171
3651733
3653240
3681517
3688688
3711739
3716601
3719255
5728167
3721406
3722123
3722935
3734270
3743383
3751387
3754518
3755125
3757767
3763108
3764516
3774598
3781503
3784101
3793439
3802251
3804092
3810125
3811279
3817199
3829636
3830777
3841983
3851186
3860776
3868590
4018748
3871511
3871710
4596739
3880936
3890011
3917717
3943818
3951798
4209387
3960235
3960237
3963553
3999617
4001061
4001389
4010877
4014111
4017108
4017109
4031482
4042341
4050215
4050648
4050649
4060407
4060806
4060807
4226409
4061900
4072252
4319264
4072876
4096455
4099127
4100383
4103862
4114615
4116267
4123018
4130247
4170171
4131129
4131233
4137462
4141018
4146166
4158740
4178415
4188293
4195021
4228118
4246654
4255412
4256603
4258250
4309106
4312259
4325222
4330189
4337001
5360282
4336486
4350369
4361014
4368093
4368472
4478095
4528060
4369803
4376803
4378656
4393042
4871417
4871419
4871421
4407932
4418140
4452178
4453805
4474940
4485821
4596058
4500248
4509874
4509876
4527337
4529109
4538488
4562987
4573320
4591740
4601890
4605501
4645519
4654390
4661091
4663576
4673567
4682110
4682936
4693003
4697632
4697633
4697634
4712336
4715942
4722227
4733003
4733040
4735258
4749537
4757410
4812454
4868750
4828550
4838497
4855537
5356043
4863111
4864424
4942317
4943018
4949800
4973174
4984190
4996674
5075895
5080881
5143681
5179341
5181789
5181842
5194921
5202407
5205913
5214179
5222063
5222064
5223907
5244719
5245464
5299331
5309077
5328029
5337219
5365982
5378288
5398423
5410823
5410824
5410825
5495490
5584186
5585880
5594875
5594910
5594911
5604333
5616499
5618086
5618426
