3290
24023
29649
32570
41586
45433
48874
50354
50483
50663
100237
102736
121522
131286
180520
363858
445207
451764
580699
659991
692495
712015
865102
887840
890911
904254
1021141
1059887
1060576
1063714
1115999
1125657
1137879
1142960
1191302
1215043
1215044
1219580
1243791
1260410
1261000
1271476
1277591
1288569
1310626
1320197
1346858
1359623
1404750
1415526
1426307
1430354
1448310
1458835
1477667
1460106
1481149
1490377
1493052
1506472
1513541
1522698
1523514
1532151
1538301
1556011
1570058
1572100
1573999
1593262
1619010
1620344
1633534
1685427
1688391
1695445
1696625
1718994
1760614
1762633
1777067
1794576
3482052
1819850
1826150
1836468
1846504
1848270
1853460
1857321
1894630
1909836
1926301
1931061
1963853
1982581
1989147
1989990
2004588
2009537
2021515
2036903
2045053
2063029
2063886
2081564
2096611
2097442
2098737
2106420
2119486
2120381
2131544
2142037
2179472
2186917
2195883
2223544
2223745
2226170
2231816
2227618
2239387
2260268
2271666
2291176
2311803
2332178
2342113
2355762
2369018
2376878
2388944
2395846
2405587
2411334
2417422
2425690
2430978
2436870
2439773
2457975
3033776
2458212
2467615
2484271
2517688
2494513
2494801
2494818
2501680
2502107
2503405
2507131
2507141
2836380
2507884
2549390
2513983
2536882
2539849
2546844
2554582
2556492
2569027
2569622
2578246
2779605
2582733
2592887
2631387
2596971
2606223
2623967
2625446
2634008
2643124
2643166
2643203
3088664
2643592
2651794
2850156
2651838
2651888
2651918
2658800
2658972
2659351
2664574
2665747
2670693
2672123
2689460
2689496
2698218
2699221
4385366
2708983
2708997
2754917
2719326
2719327
2725951
3071694
2750312
2760205
2785953
2792912
2795419
2798616
2800663
2807949
2999615
2810326
2814151
2825148
2831889
2835277
2837925
2841505
3941991
2843595
2846226
2848637
2852981
2853665
3064155
2857447
2875228
2875539
2881614
2895987
2917552
2987968
2987969
2935152
2942890
3205010
2952961
2955142
2957016
2959643
2960994
2966209
3183708
2970748
2976232
2979026
2983190
2983325
2988041
2994813
2997888
3000243
3002063
3007522
3022592
3022593
3008935
3018900
3456555
3020221
3024875
3044997
3045890
3046792
3057459
3059216
3067295
3070802
3073484
3198204
3076552
3081766
3092245
3081776
3121055
3124983
3126362
3143626
3143627
3154009
3154722
3167107
3169255
3169730
3188917
3181223
3183124
3183305
3193040
3198302
3205640
3206741
3207016
3207017
3213389
3216882
3219812
3228626
3229007
3229041
3235391
3241923
3243657
3247654
3252917
3257370
3257371
3267722
3271237
3273843
3296392
3299412
3305684
3306030
3310130
3311313
3313177
3313945
3313979
3322093
3323488
3330085
3333660
3333661
3333701
3333706
3333760
3338258
3362949
3370546
3376496
3392574
3415083
3439769
3394703
3395093
3406918
3398404
3407177
3411415
3412816
3417994
3419297
3424625
3434764
3438866
3440632
3444608
3452738
3447053
3452047
3456123
3457821
3461033
3467562
3468026
3490282
3583984
3474642
3478294
3483672
3487748
3487781
3488059
3490850
3495841
3498553
3503811
3504313
3509615
3514334
3521387
3521828
3521994
3531367
3557419
3557551
3583814
3588298
3592328
3601018
3603510
3612092
3612153
3614024
3646009
3612216
3613812
3613813
3613814
3614534
3617013
3619544
3622236
3622269
3625849
3633224
3633718
3634730
3634861
3640546
3641172
3644348
3647180
3653847
3659392
3667847
3686559
3667875
3668520
3668731
3677181
3677301
3688602
3688614
3688621
3688768
3690388
3691864
3695025
3698095
3700881
3704227
3722962
3722963
3727749
3733776
3741567
3743840
3751557
3752966
3753988
3754444
3764232
3764328
3764512
3773231
3774856
3774857
3775888
3776084
3784597
3784848
3784910
3784938
3802071
3791771
3816123
3816512
3906697
3829939
3839996
3839997
3846744
3849200
3853301
3859444
3860846
3861178
3861337
3868006
3871587
3879517
3879972
3880946
3889200
3890672
3900737
3902320
3906694
3917117
3902829
3905622
3906630
3906637
3906756
3906667
3906668
3914449
3920782
3921746
3933231
3934468
3961667
3968917
3970823
3975366
3987557
3992278
3994347
4010621
4031511
4035271
4047648
4060358
4060553
4061109
4065173
4072324
4082981
4083273
4084959
4088921
4091819
4100718
4105463
4106815
4111026
4113257
4113668
4116631
4117331
4595312
4119360
4131030
4131152
4131191
5422115
4140873
4150509
4157102
4165053
4168141
4168866
4169877
4178423
4186126
4186897
4195433
4207467
4475435
4208593
4226151
4226153
4227623
4238695
4457177
4238734
4276007
4277946
4284781
4311495
4401141
4286980
4303461
4325297
4334523
4306816
4316799
4327687
4339591
4352896
4353380
4353710
4360358
4368607
4375719
4376310
4376532
4381666
4384629
4386761
4389850
4392963
4404756
4406631
4413454
4436791
4409621
4411342
4413426
4423946
4452164
4761556
4463299
4463471
4465093
4479728
4483053
4489728
4492605
4495142
4500092
4501918
4506871
4507893
4508945
4518197
4519090
4527253
4545983
4554728
4562959
4563786
4588186
4605752
4631919
4638573
4647118
4651557
4652841
4654396
4654441
4670755
4672905
4673306
4678336
4688662
4682222
5146121
4682670
4692121
4692421
4694732
4702092
4721994
4724671
4743716
4810161
4756704
4756890
4757414
4757430
4761378
4800509
4810296
4813076
4814345
4847509
4847540
4856577
4865471
4884019
4962245
4967055
4974220
4975490
4976748
4984083
4989459
5007026
5030360
5032146
5058212
5060046
5077714
5089500
5157497
5104062
5112696
5126242
5129829
5135263
5135765
5139430
5141130
5142740
5143723
5146555
5158234
5158297
5169243
5188682
5189915
5202203
5209722
5224677
5234651
5245520
5246673
5265498
5271581
5274826
5307420
5336680
5357447
5365851
5378442
5386811
5386812
5386813
5405908
5406072
5416133
5467803
5493749
5503606
5504817
5515426
5516968
5519652
5539639
5547111
5550701
5558999
5618060
5624588
5628561
5629693
5638675
