21010
97416
132946
226605
300689
316995
335628
412288
413597
478605
495776
550235
585605
620789
628369
633965
633993
644971
653816
667021
669496
703584
709939
711757
715013
723079
735021
740932
759192
761379
765525
765873
770576
791274
793846
796161
801165
813588
816327
821273
822384
831443
836339
839627
862124
862338
865344
869704
874939
877564
880206
882812
889228
894409
898654
903049
908297
914570
918415
922172
929660
948540
950170
957468
959194
963304
964122
966177
978628
985004
990324
990325
992437
1000747
1001682
1008079
1011471
1023091
1024483
1034570
1045757
1049018
1052795
1061134
4560400
1075888
1093605
1099369
1106704
1126445
1130281
1134070
1140087
1152984
1173113
1174377
1176256
1177137
1182586
1188847
1193128
1193468
1205981
1206528
1212419
1216854
1217462
1222063
1226973
1230741
1231420
1233051
1238045
1242895
1243967
1251769
1253654
1258101
1271853
1272890
1282209
1294402
1295837
1307019
1314987
1316353
1325510
1350175
1351114
1353274
1360265
1378892
1386449
1388622
1397146
1397930
1399834
1401281
1402167
1406011
1414400
1420353
1428949
1429225
1432041
1437926
1456429
1459108
1474232
1478218
1480798
1488838
1489149
1492654
1502678
1503731
1504551
1505170
1505901
1520055
1520526
1521274
1532240
1539972
1541347
1541385
1547617
1549194
1567645
1572058
1573582
1583320
1589320
1590230
1590496
1590814
1591935
1592334
1601880
1602415
1608941
1609182
1617365
1617484
1634214
1638680
1640342
1647864
1650859
1652503
1653137
1656150
1657723
1662480
1676409
1676639
1687456
1690244
1692260
1700933
1705819
1714350
1721284
1721685
1741989
1745634
1753456
1756926
1759213
1768177
1770020
1784064
1795090
1803623
1806531
1813741
1815397
1820170
1829146
1831435
1837350
1839789
1843086
1845874
1847043
1856597
1857434
1857484
1861656
1868881
1870002
1870205
1875674
1878931
1884885
1886627
1886684
1892784
1895699
1895860
1897497
1898745
1899986
1910547
1911625
1913699
1915912
1918242
1919041
1919688
1945147
1951188
1954900
1959413
1960428
1960574
1961046
1962336
1964146
1965789
1966391
1970040
1976327
1997892
2008482
2022836
2024314
2039845
2041227
2061081
2069999
2082447
2083104
2084661
2084677
2097831
2098486
2101856
2109961
2121609
2125262
2130396
2130588
2133935
2139556
2140353
2159251
2162263
2164247
2164332
2173373
2210170
2174699
2176942
2198089
2201575
2202493
2204117
2218537
2220106
2239058
2239619
2245529
2248125
2248172
2248906
2252829
2253413
2256387
2267957
2274038
2314855
2321820
2322515
2332088
3023401
2336104
2338526
2341259
2346860
2348775
2351193
2361608
2389485
2391463
2392113
2402400
2412400
2412506
2421848
2422388
2426162
2442531
2451448
2451494
2452465
2453659
2456930
2461732
2464708
2473220
2500241
2502889
2523985
2533642
2540771
2542677
2562227
2581632
2581647
2599601
2603671
2603752
2609903
2628833
2632326
2632448
2633335
2633754
2633790
2643158
2646080
2659781
2659858
2662780
2662949
2664322
2664884
2670866
2671055
2676854
2679351
2680280
2681037
2692580
2693308
2699308
2700108
2701221
2709097
2790573
2711757
2714880
2718544
2719462
2722140
2732166
2736127
2737915
2772606
2778653
2780547
2781571
2783766
2784093
2797998
2810443
2816023
2822239
2831036
2835408
2836842
2842109
2844390
2851636
2854650
2867730
2867851
2882253
2893781
2902129
2905591
2916185
2938138
2968949
2972514
2980643
2986340
2988681
2998515
3005309
3020314
3032964
3035067
3041616
3047284
3056312
3057732
3064811
3066546
3069278
3073230
3073499
3081825
3087146
3096069
3099626
3105129
3112823
3117364
3118849
3121101
3131384
3142373
3142636
3149443
3151263
3160882
3172209
3168656
3168834
3172728
3180199
3191655
3205217
3205692
3208568
3210249
3212576
3213722
3220124
3228488
3229042
3229091
3237678
3241848
3255699
3256905
3262568
3268719
3276769
3278517
3285953
3287767
3290536
3297433
3299464
3303959
3311391
3314510
3316580
3320026
3322616
3326839
3331463
3331478
3333745
3334047
3338221
3340629
3351879
3356285
3358506
3370931
3375364
3377955
3384040
3394644
3395033
3408290
3413892
3422381
3428141
3429000
3440297
3448285
3455421
3460137
3460338
3467573
3473589
3478560
3481587
3491545
3502500
3504030
3506560
3508672
3513529
3522619
3527869
3528700
3534950
3539681
3544530
3547292
3572505
3579517
3580348
3583319
3583379
3596066
3598135
3602497
4170261
3609961
3619274
3634731
3638479
3643030
3644079
3644429
3644967
3645642
3646879
3659392
3695537
3697466
3704366
3709897
3711414
3719177
3724517
3726557
3732309
3737197
3745412
3754619
3755042
3764203
3764598
3769324
3772014
3784919
3792133
3795538
3802584
3814837
3815421
3832347
3842032
3851855
3856468
3871800
3873060
3873990
3880732
3886190
3890723
3891200
3896655
3903219
3904576
3911765
3915463
3921649
3922654
3929904
3931962
3946550
3949741
3959506
3984352
3986692
3991770
3991771
4001956
4002050
4006785
4007689
4027501
4027502
4032016
4033196
4041715
4042151
4042350
4042897
4043359
4049111
4054471
4068548
4072179
4081896
4082234
4082580
4100533
4104724
4113464
4127115
4130025
4131680
4132505
4148841
4151497
4152769
4168878
4175197
4184938
4187231
4200550
4201398
4208732
4208733
4208735
4212498
4213728
4214718
4215279
4225364
4226605
4231693
4232037
4234279
4236926
4242676
4247612
4255032
4266048
4275701
4276057
4277004
4278011
4284879
4293331
4296471
4303481
4308709
4308932
4313254
4313882
4314727
4314996
4317467
4321114
4322571
4336505
4351761
4353636
4360113
4365544
4365545
4368642
4369774
4376830
4378471
4382678
4384243
4386727
4386902
4393066
4394008
4409600
4412051
4426662
4432931
4440910
4438433
4440090
4445617
4451802
4461826
4462402
4466793
4469452
4472714
4479848
4482902
4490753
4491365
4491847
4493398
4497567
4502645
4503490
4504367
4510284
4518724
4521187
4521584
4522973
4535482
4536237
4536634
4544728
4549233
4550015
4555370
4566976
4567369
4571684
4571794
4572263
4572837
4580411
4581029
4583831
4586623
4592009
4595471
4599327
4605017
4605810
4612267
4614431
4618995
4622206
4622422
4624070
4626371
4626839
4630913
4633305
4633371
4635816
4636164
4637845
4642476
4644171
4644184
4644543
4646919
4647017
4651512
4653776
4654938
4655064
4655438
4657685
4663291
4663523
4663687
4665018
4667149
4680797
4691422
4693118
4698740
4892836
4704124
4712260
4714719
4722606
4725386
4733078
4742990
4757372
4771567
4771722
4780051
4786235
4795422
4805160
4812163
4819007
4821683
4826208
4834849
4838047
4838452
4849630
4855599
4856643
4863637
4864081
4870746
4875890
4876853
4881796
4882477
4883341
4890721
4895311
4902679
4911725
4924294
4940667
4951662
4953008
4953761
4960946
4961726
4964222
4966899
4973357
4974594
4974688
4975637
4980840
4983919
4993231
4994562
4999400
5003432
5005231
5023139
5026621
5027617
5036813
5039481
5048707
5056294
5059452
5069759
5080010
5083496
5093904
5094852
5098202
5665585
5110195
5111083
5118071
5126420
5135021
5137734
5146897
5147066
5152680
5161342
5162709
5168390
5169325
5179226
5183652
5184887
5189991
5194096
5199364
5202229
5203291
5213400
5214139
5229944
5230161
5232626
5241733
5244748
5245966
5246352
5247546
5254533
5255891
5260126
5273492
5274428
5278819
5294395
5295852
5305431
5307498
5311353
5313796
5337320
5338850
5344198
5368210
5370200
5371028
5386544
5386683
5396873
5399377
5402375
5404354
5405933
5416200
5426228
5426254
5435314
5436733
5440133
5444901
5450929
5455525
5462891
5472785
5476138
5480778
5488384
5489690
5492060
5515677
5511678
5518304
5526128
5526835
5527880
5536673
5537484
5539747
5542125
5542640
5544032
5550685
5560923
5567074
5567641
5571649
5571819
5573231
5573605
5578011
5580950
5588824
5589234
5589235
5589237
5591294
5591579
5593528
5593738
5595110
5600584
5604346
5605910
5616558
5616813
5617316
5617695
5618100
5624042
5628347
5628855
5631261
5635263
5638719
5638865
5640407
5649661
5649665
5649721
5664327
5686939
5720874
