4622
28366
31438
45239
48689
49612
52128
53926
57628
59731
62590
66563
66820
67989
69396
71332
72284
72419
73473
74117
74684
75843
76717
77580
80863
80914
81907
83355
85197
87369
87763
87803
88239
91275
91462
92037
93323
94533
96525
96587
97338
98163
103281
103379
105965
109974
110628
112158
113587
115463
116006
116095
117182
120121
123021
123392
124615
123573
123882
124756
125838
127136
127846
128606
132260
132946
135109
136514
138920
139221
139981
142480
144414
144495
146372
146883
149219
152078
154165
154280
155049
164250
167094
171368
172161
179507
181253
183425
185506
186036
187233
192181
202217
208935
214547
218268
234818
235309
244691
252812
248474
249296
250180
251792
263702
264439
267657
268080
270363
270378
270622
277274
306038
315115
317150
317917
336228
344618
344619
358272
358273
375036
395852
400375
418725
427455
430371
441616
451227
451406
465022
469565
471098
478605
498242
518069
521280
582773
528676
530391
535973
543363
544701
548641
556162
557821
560241
563475
568565
575205
578163
581941
585605
589965
663881
596161
611897
653547
656386
662704
663373
667843
682520
684072
692495
695749
711305
720172
720587
722587
722596
733772
739826
744444
761797
771858
772983
779102
785982
796046
806465
806856
818597
818655
838602
847313
848397
858558
859007
859667
882897
905424
909764
911517
911540
914570
923985
925877
948654
959058
965494
985471
991229
1035068
1042025
1043095
1047447
1058615
1072929
1096903
1097552
1119755
1124841
1134549
1146122
1148492
1156136
1166899
1223356
1228510
1228840
1237225
1270999
1313279
1316417
1319822
1367351
1369460
1383875
1383876
1410770
1410772
1413791
1413933
1438536
1442769
1451093
1460444
1461594
1465149
1469240
1474641
1507863
1478254
1483801
1487640
1501711
1503150
1507908
1508163
1511130
1515012
1517345
1525209
1527725
1532489
1538482
1559749
1563511
1569410
1569768
1571816
1582581
1582591
1618405
1628719
1641266
1644001
1654005
1656914
1669949
1691045
1691685
1694582
1716393
1744010
1744709
1754395
1768374
1768517
1820974
1844821
1855074
1855988
1858801
1863218
1863414
1872791
1882794
1914105
1889137
1895932
1896891
1900118
1902670
1912895
1913126
1936309
1939173
1942739
1950890
1960198
1970133
1974366
1979926
1995466
2004149
2015326
2021129
2024425
2025832
2025904
2035004
2036851
2036906
2037594
2038573
2039417
2041171
2042814
2062581
2042994
2046872
2052273
2061189
2075562
2086442
2087482
2089279
2096920
2105630
2117132
2117272
2125040
2125262
2130652
2142695
2144183
2145491
2149694
2156842
2157174
2161977
2177108
2186038
2188969
2190320
2204379
2205163
2206544
2277700
2223742
2225693
2227050
2229457
2234657
2235450
2238382
2239032
2240973
2248322
2255706
2257469
2258972
2260983
2274649
2292051
2301162
2387070
2309576
2309955
2320620
2321761
2341755
2358639
2365667
2365688
2367515
2368769
2371744
2405064
2415486
2431965
2437973
2440262
2442531
2444018
2449997
2457697
2460008
2474187
2535687
2503310
2514394
2515452
2517579
2521562
2532216
2533583
2535464
2540452
2543300
2553146
2567077
2579658
2583504
2586876
2587576
2594990
2594991
2599601
2603706
2613166
2613169
2624222
2624225
2625237
2625345
2633712
2633777
2633846
2635712
2643212
2648002
2651875
2658712
2659360
2659640
2664535
2664727
2665171
2670774
2670869
2680273
2680274
2689570
2690172
2691230
2694599
2699262
2699264
2700470
2701526
2701648
2704351
2709164
2716181
2719407
2719430
2719431
2719893
2855311
2725039
2758963
2726464
2745951
2749461
2750914
2751790
2758185
2764102
2772064
2764719
2766955
2770501
2773052
2778113
2785548
2788712
2810337
2811130
2813113
2814386
2815482
2853477
2818493
2824709
2834369
2840060
2843596
2843601
2848672
2848773
2848899
2850905
2853100
2855475
2863942
2879668
2891411
2892579
2894759
2898272
2898638
2900102
2905589
2907223
2909358
2915636
2930277
2945145
2935187
2944586
2948342
3003518
2955143
2963497
2963825
2965853
2966904
2967737
2982865
2985707
2995524
2996626
2996758
3003456
3004762
3305476
3015036
3035515
3036158
3036159
3041562
3055976
3064821
3069014
3075535
3076548
3077480
3080545
3081345
3082938
3084550
3088726
3088977
3092726
3094637
3107389
3108140
3108419
3112504
3120629
3121340
3123098
3133299
3133867
3140773
3142329
3145696
3153512
3154788
3155184
3155277
3155518
3155519
3155891
3155990
3156884
3156885
3163165
3167236
3167276
3168379
3169113
3170560
3181150
3181360
3181361
3191336
3192292
3204746
3204972
3205317
3205479
3207048
3214986
3216912
3217057
3218125
3219721
3224532
3228526
3228871
3228972
3229023
3241887
3245458
3255549
3263028
3267319
3270203
3271323
3272007
3275277
3276774
3276823
3287252
3294924
3298222
3299371
3302439
3309532
3311366
3312731
3314034
3320286
3322598
3322624
3326709
3333586
3333770
3334928
3335524
3335701
3336914
3337013
3340118
3350322
3352257
3362086
3363306
3364553
3368235
3371359
3373514
3373663
3377083
3631489
3384390
3385969
3396582
3408259
3411551
4767841
3411971
3427718
3432912
3440780
3454680
3458311
3459281
3461389
3461651
3471572
3472187
3485484
3487767
3491703
3498294
3521419
3524604
3526508
3527525
3533423
3535280
3539131
3541087
3546673
3557309
3558918
3564761
3573117
3575906
3578069
3594052
4349021
3597304
3600342
3602516
3602578
3603272
3604872
3610653
3611592
3612366
4178996
3612547
3613661
3619398
3619564
3622277
3623061
3623164
3632759
3634503
3658138
3634801
3639411
3642351
3642792
3643925
3643926
3644550
3648925
3651829
4056531
3651943
3652832
3654750
3659920
3661962
3664739
3665391
3665817
3666632
3669201
3676723
3678641
3679287
3683023
3688128
3688576
3688739
3695707
3699986
3711465
3711603
3719000
3722882
3731626
5110938
3739386
3778704
3741963
3744397
3744753
3745509
3746752
3748883
3754397
3754607
3755487
3760737
3764144
3764249
3764531
3765087
3766173
3767159
3769338
3774967
3780811
3784712
3784907
3787608
3790631
3795160
3798824
3800903
3801214
3804788
3805691
3814912
3821305
3822652
3822821
3822978
3823211
3828042
3831168
3831294
3832064
3840580
3842022
3846701
3851323
3851545
4536915
3857255
3861000
3861077
3861094
4296265
3863677
3866843
3872983
3875572
3880353
3880663
3880948
3890692
3893561
3896335
3902046
3902731
3903464
3921016
3922901
3927067
3932145
3950587
3954418
3955476
3955915
3955986
3960310
3967847
3970442
3974781
3976806
3976807
4047331
3980062
3980280
3982739
3989017
3993328
3995016
4006976
4010008
4014490
4016344
4016365
4019322
4021667
4024733
4042257
4042287
4042385
4049435
4052822
4054229
4074342
4076967
4081861
4082310
4086545
4177446
4087639
4092130
4093471
4093569
4095751
4100136
4103710
4108775
4110850
4113518
4115627
4122208
4134470
4142810
4144405
4148954
4152656
4152865
4155343
4157663
4168869
4169350
4179279
4187363
4188100
4203877
4206964
4214410
4221650
4225091
4225815
4225817
4226838
4233872
4235506
4246430
4246829
4254424
4257290
4257342
4267075
4268585
4269599
4271830
4277856
4277900
4277986
4278045
4287468
4313899
4319909
4322135
4327843
4338125
4344422
4344475
4598302
4350045
4408214
4360066
4360325
4366520
4368580
4371192
4375551
4376788
4377511
5076530
4378230
4384364
4384687
4384690
4393043
4393047
4395660
4402124
4402683
4407820
4419768
4420319
4420441
4425381
4436301
4443610
4741558
4446253
4449505
4452116
4459177
4460247
4463156
4465597
4466556
4466993
4468897
4474162
4474828
4475184
4500445
4477411
4496550
4499084
4500248
4505097
4562008
4572703
4508138
4508217
4509093
4519494
4521894
4533825
4691722
4535239
4537093
4544453
4545563
5117352
4547796
4554897
4555845
4568465
4587771
4588278
4590821
4593181
4595545
4597708
4612513
4617730
4626380
4630849
4880511
4631972
4635148
4645182
4646946
4648036
4651523
4652977
4653643
4654126
4657403
4661932
4662241
4681951
4682756
4686514
4703204
4704018
4713499
4713807
4714135
4717991
4721143
4726069
4728797
4729252
4730860
4734300
4743544
4745637
4745930
4745931
4749644
4749936
4757288
4757584
4760593
4766315
4781121
4782956
4785597
4793444
4796027
4804735
4807429
4828213
4829883
4837919
4853510
4866922
4876945
4879919
4883109
4894566
4898575
4899971
4900464
4913344
4915651
4923180
4942940
4956468
4973233
4973568
4976581
4976647
4978711
4982126
4983952
5000333
5070853
5074812
5077642
5098776
5104794
5114708
5127123
5133054
5133165
5137209
5142987
5152615
5157510
5256138
5168337
5178950
5179606
5189943
5200363
5203049
5233988
5238449
5274662
5275796
5282446
5298139
5301343
5322883
5345248
5363985
5386832
5395696
5406474
5420895
5458627
5475912
5491486
5499289
5503312
5504813
5505750
5539344
5539696
5547442
5550702
5576251
5582946
5584680
5589236
5590103
5600296
5616932
5628178
5628524
5629694
5709425
