5918
7260
11940
11974
13169
14208
14774
16015
16606
16619
18841
18923
19221
19787
20403
20723
20447
21123
21342
20949
21844
22212
21872
23667
20789
24033
24304
25158
25802
25935
25947
26093
27169
24448
27441
27914
28332
28991
29064
27875
29601
31419
28487
32380
33119
33323
28342
34376
35669
31333
35878
34468
37333
38426
38566
38566
38627
38722
37615
39428
39985
40233
36382
41974
42234
43015
43509
44331
44443
44710
45671
46218
46414
46936
47309
48216
49052
49071
47135
50454
53785
52260
56722
57032
59972
51972
61414
44728
62788
63352
49459
66626
63434
76048
59592
76662
85721
90095
90095
91791
92165
92542
93287
99013
99434
100931
101123
102282
102287
102412
105686
111611
123359
103372
120002
115193
123839
123839
144171
144171
152365
158075
146791
173288
177585
178968
184484
189377
189480
192995
132044
198567
202252
92179
221414
223092
223092
226799
196910
230442
228270
234935
192342
106359
241526
242574
173614
244799
250309
248876
253507
255481
257793
257793
250337
205022
290040
291517
294825
292644
291495
304672
302535
309807
296393
290995
277421
248087
319940
325301
323329
190847
334469
344898
257165
350295
347551
352570
359749
366643
366224
347719
372850
383643
128931
374719
392188
394674
166062
406273
174417
419765
417408
421467
423194
428052
344896
440980
442587
399151
143457
462878
408745
460516
479215
482726
486177
497349
514980
514965
394834
448919
486535
509341
466053
545737
550588
577504
580215
580375
530701
601677
623049
624607
317439
645256
646336
652668
652668
666564
666564
664099
627338
647730
682289
685558
688877
688552
692433
694464
696085
696085
581787
699833
700421
656918
690608
661455
672621
714225
651006
716122
716630
723626
725851
722662
739119
738045
737644
694402
736694
751771
751773
743685
775014
780885
782989
724098
789544
795140
786141
774450
806859
812792
830537
770361
836856
845441
811685
869960
881996
879051
885966
889315
891335
891417
892188
901755
901755
751755
893573
908990
851853
907805
915904
915322
838536
869649
928244
934437
938370
904561
945243
948021
953032
901626
961431
965524
966225
963872
968147
852406
972810
972932
973301
971084
968923
968923
974832
974832
976205
880205
972446
985141
992515
837869
837869
998953
1001722
1006094
1010865
1011574
1015391
1015450
1013426
1021338
965125
1019506
1012220
1031435
991780
1001507
1007796
1037902
1047159
1005492
1054988
1052766
1055780
1055780
1061535
1062758
1063684
104867
1061153
1067733
897723
1069611
1061929
928646
1077982
1034179
1079727
1079921
826082
1096881
810556
810556
1105097
1105241
1011723
1098181
1094459
1050635
1075788
1130504
931948
1133480
1132711
1084585
1142576
1166024
1165437
830569
1170880
1004928
1168645
1178488
1149018
1181343
1181343
1201987
1167132
646002
1209192
1120687
1217007
1075797
1161103
1221245
1192164
1227818
1108285
1151959
546102
1179276
848697
1248526
1248526
1250853
1252830
1257575
1257577
1262553
1262556
713926
1263049
1267271
1267309
1267348
1261912
1272001
1268030
1276378
1274871
1280198
1280347
1282968
1283092
1273651
1286286
1286352
1291261
1291262
1296306
1291503
1297231
1299190
1301402
1301404
1296249
1302630
1280205
1280488
477763
1310296
1312111
1312124
1312124
1312343
1312343
1314891
1314891
1315686
1323734
1282123
1296273
1328396
1331249
1248032
1248032
1334552
1284666
1337432
1332740
1301330
1344964
1268824
1341393
1358447
1351335
1360038
1176431
1176431
1342680
1343617
1370828
1373779
1375714
1375718
1378582
1245436
1378720
1379697
1380859
1382026
1185788
1266007
1401651
1402101
1403393
1405390
1405595
1390922
1403707
1354017
1403832
1414566
1406043
1406043
1029473
1430387
1431401
1431401
1436243
1399084
1440543
1441726
1189616
1379484
1450864
1344501
1457550
1458167
1442626
1287115
1462698
1462698
1345784
1478828
1480047
1480047
1408763
1289097
761026
1497252
1079970
1202258
1500350
1503621
1504033
1504992
446493
1508174
1505515
1505515
1511294
1517942
1518371
1518536
1520799
1314624
1525587
1471627
1532040
1367642
1536045
1464373
1538592
1542758
1543395
1543580
1463312
1543799
1543800
1461554
1544034
1544463
1544463
1546895
1549881
1549907
1550498
1550845
1551603
1557197
1557327
1557327
1562788
1563258
1569341
1569478
1569630
1569711
1570531
1574583
1575651
1575712
1576233
1576822
1579180
1575193
1581243
1581301
1581335
1587332
608572
1552826
1597755
1595537
1601306
1475196
1587493
1603851
1381135
1604680
1609956
1532736
1607459
1616029
1607730
1148992
1621910
1622467
1623130
1566796
1627491
1627508
1621874
1633156
1633270
1237680
1634241
1286316
1362797
1413680
1636647
1641533
1642291
1643731
1643829
1558182
1650246
1635846
1652565
1652647
1463067
1463067
1570536
1658809
1631947
1668922
1670325
1670325
1670542
1613731
1680421
1683963
1688324
1687132
1692868
1693973
1693654
1699015
1699300
1705780
1706616
1708803
1712005
1722993
1724615
1725549
1726109
528000
1729852
1731445
1719730
1735322
1740099
1645772
1743736
1742131
1536560
1749116
1756255
1756255
1644513
1759165
1760135
1760168
1701204
1714809
1764045
1764447
1764796
1764796
1470956
1765375
1688064
1581431
1769509
1769871
1769914
1774219
1763237
1763237
1775073
1768259
1778456
1778687
1779254
1779254
1779582
1781824
1783165
1783165
1601336
1783652
1784517
1781620
1280192
1783062
1786699
1789081
1789471
1790641
1793978
1794734
1795054
1680621
1799071
1799321
1799400
1738121
1804309
1809530
1809600
1812908
1814778
1818764
1818764
1822334
1822334
1807738
1824641
1824826
1825110
1769017
1826190
1829276
1829362
1827146
1822759
1833512
1833578
1833730
1833973
1834500
1783108
1765192
1838294
1840181
1842568
1842687
1843939
1838384
1844422
1849271
1850237
1850407
1752094
1842375
1833251
1827010
1859605
1859697
1859764
1785945
1861782
1850104
1863179
1752523
1867027
1867693
1869628
1871799
1871922
1871922
1865291
1876182
1876182
1876230
1876230
1877186
1878532
1881172
1882400
1884650
1875586
1884921
1889111
1890060
1891095
1893580
1893876
1889101
1898472
1885014
1684100
1906832
1914941
1872527
1842664
1888928
1917087
1918985
1884903
1901790
1917209
1925910
1925910
1925910
1927370
1927453
1893565
1930999
1127582
1930803
1938361
1939529
1941013
1941763
1941772
1943087
1894162
1615815
1952074
1952083
1703912
1954509
1949141
1950158
1964889
1678793
1967976
1968201
1959309
1959309
1970122
1972126
1972730
1972778
1967974
1824099
1976895
1978407
1975461
1981001
1981952
1984720
1981892
1956626
1945323
1996298
1997915
1995184
1989122
1999914
2004626
2004839
2008890
2012335
1928478
2018707
2020105
2000038
2021535
2023412
2027918
2027920
1621706
2031329
2031993
2036233
2036394
2039590
2040675
2040705
2044424
2045061
2008600
2037900
2048894
1922211
2048941
2048969
2052686
2062706
2065225
2066012
2068458
2072915
2075253
2075280
2075280
2076458
2076458
2081896
2082024
399495
2085321
2080120
2087986
2088553
2085311
2085311
2029250
2091690
2091805
2091807
2095160
2095163
2088549
2098627
2098874
2099411
2072797
1201290
1991541
2108585
2112929
2115978
2115978
2108761
2118494
2119415
2122073
2069184
2123695
1988627
2125044
2125252
2124123
2128172
2128375
2112194
2112194
2129313
2136537
2137815
2138326
2140531
2140531
2140531
2141849
2141882
1799531
2145764
2146723
1842653
1842653
1836970
1616015
2155858
2152760
2152760
2156751
2160093
2160456
2048017
2173216
2032110
2155765
2155765
2176254
2177210
2103125
2184606
2187965
2056846
2056846
2190023
2191334
2195379
2196078
2196601
1033283
2198714
2199003
2199207
1930527
2202624
2202793
2210363
2210700
2212162
2218824
2219231
2222849
2222999
2100532
2224575
2225706
2227686
2228727
2228917
2229539
2230780
2233686
2234328
2234437
2234437
2134022
2223887
2238728
2238850
1971703
2242440
2248565
2249236
2250284
2215164
2254622
2258010
2258696
2267353
2268017
2271306
1621473
2282492
1874741
2256311
2288387
2278203
2293964
2294584
2289073
2296280
2259043
2214270
2281747
2315662
2321324
2321486
2322524
2288047
2142768
2324476
2141220
2328414
2355089
2356508
59283
2005387
2351998
2370236
2344274
2337316
2376304
2377733
2376913
2363649
2385073
2385073
2388327
2392143
2392434
2395809
2399376
2400120
2218844
2412231
2399886
2383183
2383183
2339283
2428871
2440249
2399919
2268000
2462140
2464669
2468887
2473393
2486408
2418655
2497564
2500223
2500223
2501884
2502268
2512859
2513016
2515558
2516635
2524724
2527086
2527692
2419109
2529482
2533003
2538196
2541892
2542025
2542394
2566593
