40344
39275
44761
39017
48842
49214
50373
57525
52221
59792
83310
88180
87547
93555
108653
113398
117036
123871
136632
134656
145215
181689
182815
204399
207021
210346
214092
219355
229393
230739
233310
242574
277481
289985
268693
295225
185250
292077
303867
290995
310687
310499
310499
324029
324303
315299
219380
222453
331025
332112
333823
317275
344896
359501
365963
364578
288656
374144
293832
359890
383147
384975
391953
395846
396745
406217
409214
264977
345860
417655
333139
430622
437279
441459
439285
453678
454893
456524
454627
431697
473049
476646
422136
470405
470405
488016
488238
498438
501286
503130
503978
506155
506155
508947
514938
503580
517783
517783
521653
524966
489566
307034
545238
549158
424713
550344
550414
552702
552702
559105
539203
562825
531506
578574
581012
568786
601601
513751
605745
591442
611367
620132
623518
634143
634143
630014
642706
645655
665179
667741
597797
587541
663519
678940
695743
700968
712974
712974
716455
708045
721842
721842
695957
727714
734190
734710
741193
741193
692789
748703
751771
749096
754383
693727
745460
770246
617203
777586
778526
780318
669776
784676
759524
794102
790045
799156
773026
802454
806859
811119
814101
686018
817667
818245
740862
823259
823272
587616
824592
830569
838515
843226
813468
850663
856341
857068
813569
866436
871187
881753
890157
895580
898881
900030
751755
902250
908637
914691
915208
921531
927758
920536
920536
920536
929670
930062
930062
924550
932291
940222
940746
940746
932457
968216
902425
971666
474227
982405
966552
983253
983761
986329
988062
861113
1006473
1008085
1009191
1011739
964855
1007725
908087
1023428
1026970
1029349
1029349
1029349
935602
1032027
1032661
1039048
971598
1042061
1042243
1048854
1050005
1050005
962863
1050963
1051249
1053406
1017483
1029446
1029446
1061153
1062477
1056140
1062273
1064501
1065419
1069504
1044785
1079428
1080738
1079554
1086692
534054
1093430
975363
1100490
1100490
1101604
1106627
1109271
1112616
1070357
1114556
1115515
1118286
1133317
1108809
1141909
1147203
1107500
1146727
1146727
1118779
1159959
1161509
1163834
1078911
1085793
1085793
1173552
1177936
1177947
1178670
1172342
1187781
1187243
1195193
1205168
1205168
1205772
1205783
1209029
1212979
1213659
1216073
1221223
1229050
1232310
1233657
1166748
1243188
1244298
1248246
1248923
1125370
1252829
1257812
1258148
1258148
1258377
1221201
1267259
1267328
1268341
1269922
1270122
1272082
1273725
1280165
1280200
1281563
1283387
1287203
1294825
1296562
1180927
1301393
1301393
1306585
1312335
1318074
1261414
1164291
1325921
1265946
1336424
1337586
1338059
1340565
1350909
1358622
1214150
1368062
1368404
1368404
1369458
1370255
1372317
1373974
1379342
1380250
1380266
1380562
1370775
1396943
1373268
1352054
1347859
1408257
1411711
1412956
1340339
1332820
1431661
1428384
1433072
1437124
1441587
1454862
1374055
1471082
1474057
1479967
1496203
1500034
1504153
1512253
1519992
1507229
1482439
1522615
1523018
1524010
1153303
1532305
1536947
1382400
1510106
1543578
1544140
1545135
1549366
1550178
1550860
1551060
1551133
1551326
1555613
1557107
1519316
1559330
1563574
1557289
1312103
1567488
1567611
1569478
1569807
1569807
1579161
1579161
1580680
1581056
1581321
1581321
1511331
1591460
1581126
1593663
1594556
1597607
1601852
1602507
1603293
1604377
1604377
1605822
1607730
1607878
1610204
1558060
1593028
1381360
1420776
1630117
1633506
1638057
1640832
1267294
1647720
1495810
1610984
1658721
1667367
1664049
1674871
1674871
1674871
1669395
1636051
1681992
1683782
1681223
1688783
1692335
1693828
1696407
1681444
1703756
1694192
865245
1710127
1720939
1726003
1726003
1728899
1729824
1730730
1728309
1670972
1739512
1735006
1745385
1746254
1750346
1750641
1751325
1752322
1753970
1755081
1767328
1769486
1715004
1771017
1772038
1774414
1774425
1588192
1786219
1786219
1781376
1788943
1789110
1789233
1729109
1793951
1790796
1795843
1763088
1720983
1802803
1806660
1818185
1819528
1827010
1827917
1685595
1829281
1552594
1833723
1833885
1830315
1833375
1844850
1846677
1826034
1855321
1855321
1859567
1862841
1863157
1863628
1867650
1867650
1867657
1871209
1871812
1873095
1876154
1799512
1863866
1876958
1878093
1878940
1839444
1879988
1880625
1882963
1883140
1883140
1831354
1884638
970125
1885828
1887430
1887690
1888954
1892271
1893908
1898062
1850935
1905034
1901755
1893701
1910004
1911900
1914630
1916291
1918243
1921930
1454159
1925349
1877093
1779371
1931702
1923845
1932895
1932895
1935832
1855403
1940683
1951938
1948289
1963764
1964380
1966575
1967160
1968432
1875471
1971970
1972669
1973361
1975936
1976815
1980488
1981085
1949918
1981193
1924212
1988658
1988818
1992471
1996833
1997336
1998353
1994915
2004223
2004582
2005234
1434788
2010347
2016414
2016414
2017141
2017861
2025544
1935233
2026034
2031793
1971276
2041093
2044469
2044681
2052103
2052377
2055355
2068570
2058482
2072797
2075247
2075261
2077699
2080223
2082398
2085134
2086962
2088564
2088564
2091753
2091779
2093285
1883924
2093926
2095121
1646301
2089743
2099413
1080850
2105591
2108474
2108632
2118867
2121386
2122167
2123307
1864097
2126210
2132931
2133275
2133382
2134012
2138923
2138923
2141481
2145072
2149007
2154609
2154609
2156468
2116719
2062484
2161438
2167281
2169860
2170006
2163760
2175708
2179299
2070410
1770897
2184589
2187849
2184705
2191344
2193509
2193509
2195110
2195866
2199055
2158134
2206805
2199809
2206948
2194841
2211791
2148067
2226140
2227156
2230113
2231608
2234353
2242093
2242333
2199122
2244583
2228603
2236833
2267190
2268133
2271613
2120253
2285033
2286364
2292103
2247151
2297101
2289626
2322215
2330718
1827914
2322707
2346466
2345539
2351634
2352699
2369572
2369618
2373198
2376632
2267090
2093561
2262065
2262065
2388141
2388729
1758530
2395806
2393068
2278729
2403155
2403852
2403904
2406841
2410989
2411003
2414021
2417784
2420384
2419840
2445475
2448751
2347377
2405562
2468630
2468170
2325046
2464263
2470699
2501010
2505755
2509055
2509416
2504586
2517086
2519018
2461085
2521025
2521025
2531026
2531236
2538773
2542865
2545516
