3198
5139
8473
8993
9601
10314
10314
10460
11742
12035
12508
13728
13827
14769
15920
16600
16069
4404
21754
22194
23975
24949
29355
33323
29471
14309
14309
36409
37054
39580
36849
39678
40923
42061
43674
46196
47516
50481
50949
64842
65758
66929
67895
74301
80963
81051
76372
91286
71856
93390
96368
100444
107377
127772
129281
132389
136333
151720
149648
158075
167091
171676
173614
173422
182271
180002
183267
185645
186318
213434
214138
215069
198380
221595
241892
276223
287052
295647
297933
295581
331859
321460
339335
333139
352570
355745
375402
358056
316390
392215
460516
468418
380715
504690
504245
511699
514750
516454
530818
536872
497536
576795
406800
588799
588211
593985
595456
516995
556834
600303
610819
613613
624607
620982
602230
655256
657122
657122
667097
675125
688877
692068
582132
581787
669536
704541
705318
513731
710329
647950
716122
716213
716390
719434
731457
734190
710922
745475
745504
747818
751772
750316
749323
714552
758100
759728
768281
768281
775846
780833
791845
788123
768680
797393
798842
647360
807396
812551
813468
818245
792367
837924
835194
848976
812792
869649
873671
882485
886357
891333
891337
850972
908851
905674
928646
944182
934960
947770
950784
950784
833927
937285
956309
957007
956802
962568
731259
967776
926231
926231
926231
973222
986299
960743
973162
990363
992579
998415
985385
917159
917159
1001546
1010865
1010865
1011546
1014364
1020429
790282
1023491
1026205
989467
1026993
1020276
1044511
1046074
864679
1053490
1056233
1024712
1062260
1061947
1078502
1079514
1080204
1081032
1055510
1083766
1052006
1067854
1067854
1089084
1089683
856986
1097600
1108064
1108064
1110461
1110461
1062653
1124084
1113533
1126942
1129493
1130529
1131805
1134493
1109683
1120841
1142060
1141909
1120687
1152177
1156969
1157572
1166415
1139910
1168645
1030093
1181615
1184160
1186175
1190926
1181778
1193072
1193072
1201290
1217015
1219819
1229581
1225001
1237525
1239495
1224699
737340
1248531
1221791
1221791
1233027
1262410
1185064
1262817
1268834
1276410
1280207
1280207
1164149
1281934
1283252
1291255
1289097
1294366
1302335
1266354
1304397
1192060
1306590
1308800
1309729
1312098
1312098
1312124
1314583
1316298
1318353
1332410
1319560
1341393
1347368
1351450
1351510
1352132
1352944
1355511
1359944
1362537
1335792
1370828
1372046
1373644
1332617
1382134
1376486
1390484
1390700
1390740
1392952
1393568
1395456
1291365
1402084
1365175
1385282
1029473
1431935
1425822
1438879
1441555
1172950
1450998
1452332
1382416
1455295
1456530
1190356
1457209
1420479
1471627
1477697
1479843
1480553
1485352
1485352
1485982
1159342
1451075
1500555
1405927
1504313
1033398
1514096
1514096
1517450
1517941
1516392
1526035
1527535
1529329
1531319
1532039
1517939
1536879
1536961
1536961
1538879
1536172
1544696
1515209
1550714
1499766
1567511
1569814
1569814
1577313
1403412
1581005
1581354
1585054
1588183
1588934
1589006
1567519
1493511
1597825
1600584
1586738
1607645
1607878
1607878
1608317
1610221
1612833
1615650
1615776
1619052
1620087
1621892
1626624
1631947
1331249
1643120
1643220
1643400
1646326
1658019
1301413
1640108
1650533
1668789
1673628
1678029
1687951
1691083
1570536
1699172
1689665
1640689
1703695
1706158
915491
1710962
1713658
1713925
1675133
1719266
807673
1717874
1729551
1732626
1738163
1628539
1725859
1750379
1756740
1756875
1756875
1759488
1760134
1730467
1757231
1764748
1761833
1550863
1769518
1774419
1714779
1783108
1777533
1767661
1794355
1794829
1758508
1798704
1800578
1801375
1525635
1525635
1806815
1809604
1790348
1767895
1813457
1819682
1777892
1708484
1812844
1829054
1829054
1829347
1833429
1835580
1837504
1838139
1839117
1840375
1745254
1842568
1846496
1851507
1855499
1854021
1858274
1759673
1863134
1863153
1856394
1551322
1866625
1638844
1638844
1867491
1867682
1868545
1203412
1870910
1875145
1875305
1848627
1884903
1889094
1883139
1890055
1891947
1892293
1893490
1893490
1895639
1902996
1851719
1851719
1911667
1774369
1923914
1931902
1933416
1935105
1939468
1939977
1941899
1944117
1948138
1956893
1959463
1959503
1960129
1961164
1815879
1968108
1972126
1972419
1974019
1976664
1978984
1981108
1984663
1985409
1986388
1988626
1733348
1993541
1993957
1998954
2008172
2011767
2015483
2026709
2028493
2035390
2029889
2041027
2042418
2047927
2048914
2054824
2061085
2061651
2063521
2066922
2068481
2072187
2072205
2075266
2082048
2082229
1100957
2085200
2085947
2082043
2088436
2091775
2091798
2095486
1985193
2117408
2118136
2119924
1918193
2124495
2105573
2134400
2095533
2134719
2145629
2151390
2155797
2156509
2160835
2165336
2166240
2166592
301422
2170263
2157996
2174230
2177288
2182681
2184576
2186182
2193430
2195737
2199365
2044929
2201834
2206075
2207202
2165268
2210257
2210416
2211539
2214693
2214919
2214919
2219255
1867588
2189423
2226131
2226819
2230100
2234382
2238733
2219627
2246121
2267934
2268966
2278514
2284595
2271578
2285299
2224399
2238618
2289592
2317464
2321228
2100248
2008633
2339114
2342061
2347913
2362315
2370151
2369791
2373861
2377575
2381120
2385112
2388196
2388740
2388772
2392261
2398169
2399469
2403902
2411802
2410920
2430612
2414323
2435779
2442802
2445063
2445063
2445336
2450366
2455718
2465650
2468926
2471980
2414605
1936125
2498695
2505773
2514923
2519038
2531231
