39804
58422
71856
84125
87712
89682
93442
107447
107475
107475
111420
111611
124447
67243
130092
115193
135016
135094
138354
155528
174340
140691
118768
195124
195124
205022
210764
226946
236548
236548
267767
267767
280089
292301
292301
295518
295518
295304
295304
295802
297933
67565
304439
304439
316445
316445
318093
323059
326102
331309
336099
336471
338846
339091
347021
359168
361306
363257
364622
366254
366254
375402
389617
403427
410233
412859
419588
426407
400343
430468
433269
429686
429686
441271
445642
449873
452328
455516
460515
460380
461512
471688
472250
473160
474845
461744
499290
458459
509262
510861
521184
521184
537952
519054
544006
547024
577594
479215
594569
607089
618645
621460
629668
629352
630407
632870
659387
662208
672227
672227
673341
678383
688877
694464
581787
709129
711626
718974
703568
729549
749276
751611
769130
713926
713926
786432
787331
793198
800910
800910
801498
803132
804533
801704
822455
822455
822455
822455
824205
824494
825267
825267
825267
520036
829032
829032
837869
843008
835474
846561
846812
851580
283595
855176
859515
859515
873740
878944
881775
884987
892189
853027
912031
905158
915270
915270
920634
920634
884992
956140
956140
956155
962141
962661
968656
963872
871225
984665
985884
985884
985884
989540
994655
1014160
1014160
1014160
1021672
990188
990188
1039491
887111
1050887
1050887
1051790
1054862
1062625
1071320
1071320
1071320
1052267
1074265
1074982
1074982
1075926
1074758
1088528
1091287
1108263
1109953
1111457
1114847
1114847
1118659
1123806
1127767
1127767
1136535
1138509
1173967
1174491
1180588
1185788
1185788
993762
993762
807673
1189616
1198924
1209792
1214145
1214880
1195065
1234321
546102
1244777
1247724
1247724
1248102
1248102
1251674
1251674
1252853
1252853
1254944
1257558
1259059
1262412
1267263
1276314
1276314
1276333
1279878
1279878
1280204
1280204
1281400
1281400
1282017
1286282
1286456
1289851
1291247
1281410
1291576
1291588
1296379
1297903
1301360
1306161
1306566
1310010
1312054
1312054
1224663
1315347
1320506
1324798
1327697
1328611
1334759
1337721
1338384
1349060
1355923
1355923
1357473
1357914
1358562
346964
1360922
1151696
1369453
1373009
1375236
1381140
1382556
1382556
1385020
1385020
1391410
1391410
1392496
1391379
1396162
1402568
1403354
1404046
1405913
1408763
1410204
1410204
1415999
1416065
1262446
1423530
1425295
1396151
1396151
1430133
1431639
1432725
1432725
1435534
1436075
1443625
1443880
1445963
1449736
1449736
1450157
1450157
1450157
1450157
1390922
1390922
1457031
1457103
1457366
1462581
1463312
1463312
1463312
1463584
1464866
1464866
1464866
1465020
1366507
1470072
1471139
1476547
1480431
1480431
1480431
1480431
1480431
1480431
1480431
1480431
1482439
1424397
1424397
1485877
1491196
1491703
1497542
1501700
1473778
1504270
1504867
1508326
1511463
1512294
1514663
1482719
1518146
1518281
1518281
1518385
1518385
1523625
1524018
1524440
1530060
1530822
1532363
1499118
1499118
1536324
1536674
1537041
1537442
1537442
1537742
1537942
1542762
1543390
1543403
1544570
1544871
1550338
1550637
1550731
1551011
1551222
1551222
1551223
1551321
1551572
1556131
1556131
1556131
1410028
1556672
1557525
1560939
1563116
1563123
1563123
1563548
1564339
1565245
1565523
1567641
1567641
1568778
1569544
1569545
1570054
1570796
1570796
1571324
1572241
1405366
1574930
1575605
1576449
1576449
1576449
1577406
1580707
1581330
1582114
1585404
1586805
1590068
1566080
1592198
1593501
1597415
1597785
1604632
1605439
1610241
1610241
1016221
1616046
1616951
1620087
1620087
1621473
1621473
1622060
1622733
1622733
1627446
1630218
1631947
1632819
1632819
1633210
1634320
1634320
1643829
1644511
1645931
1654451
1656451
1658809
1662513
1662513
1662513
1662513
1666551
1672400
1687389
1703758
1704193
1705191
1706840
1710109
1710746
1711470
1714743
1719245
1720928
1724057
1724633
1729634
1731446
1317875
1742111
1749640
1750086
1750596
1753958
1754982
1755073
1756775
1723165
1757522
1758577
1758577
1753715
1760473
1760662
1761637
1764633
1765192
1695872
1695872
1780874
1781384
1781384
1781620
1781620
1781620
1782703
1784467
1787718
1789360
1790232
1790232
1791832
1793226
1793226
1793226
1793226
1794356
1799273
1783561
1783561
1792962
1803714
1804968
1806364
1809193
1809193
1809193
1809193
1809811
1814038
1814038
1752046
1829277
1829583
1830218
1810228
1831404
1833730
1834194
1834978
1836524
1836524
1836524
1729109
1839540
1842677
1842684
1835337
1846676
1846817
1774546
1335353
1335353
1850924
1862571
1863131
1863460
1862824
1867631
1777025
1871924
1872527
1872124
1875593
1876061
1876892
1880634
1884521
1887710
1863675
1889095
1889095
1889095
1890758
1890758
1894162
1894162
1894553
1897432
1908931
1912055
1909258
1897777
1918571
1918615
1127582
1925490
1901790
1929702
1933203
1933763
1933763
1933763
1934946
1934946
1934946
1920543
1935285
1935569
1935774
1935953
1907067
1907067
1936602
1936602
1936075
1939518
1822830
1943645
1943645
1946135
1948450
1837608
1949307
1948973
1955283
1955350
1955983
1838271
1838271
1564675
1963996
1945083
1956762
1968159
1969366
1970703
1972725
1980897
1981006
1984583
1988620
1988877
1981078
1981078
1981078
1981078
1989168
1992042
1992086
1992807
1996007
2000439
2000615
2001426
2002962
2003153
1912270
2008117
2008164
2008600
2012214
2012785
2012870
2013382
2013547
2019381
2019837
2020187
2020224
2024039
2025593
2025808
1956626
2027746
2028143
2032957
2036556
2040795
2041968
2044470
2046088
2048493
2048493
2048763
1569753
1569753
2048928
2048946
2050718
2050718
2050718
2050718
2050718
2050718
2050718
2050718
2050718
2046568
2056207
1521349
2062496
2027968
2064672
2068478
1815879
2072719
2072719
2075267
2075427
2078737
1845803
2082319
2082319
2082319
2082545
2085900
2086203
1902907
1902907
2089003
2092953
2095123
1963567
1913010
2110710
2110710
2110947
2114540
2116509
2108626
2108626
2119580
2048017
2128699
2128699
2133292
2133292
2134870
2133850
2137184
2138413
1837962
2139230
2142025
2142914
2144762
2145375
2145586
2129838
2151831
2156602
2160231
2166922
2156281
2156281
2167180
2170350
2140492
1716136
2177294
2180691
2180886
2187774
2191163
2194934
2196042
2198860
2206504
2206504
2207093
2207683
2213237
2214393
2214748
2215054
2217041
2223122
2223122
2224569
2225290
2226119
2226119
2230081
2231022
2234472
2236143
2254306
2255665
2255665
2264559
2268478
2272151
2281543
2289840
2289840
2289840
2291398
2171169
2299790
2320885
2321486
2294086
2342474
2342989
2342989
1976608
2343773
2358642
2361582
2352047
2365705
2380778
2385109
2385344
2388266
2388396
2391910
2395055
2395055
2395055
2395793
2399886
2401744
2401981
2401111
2403899
2403899
2403899
2403899
2401580
2402783
2403321
2414046
2418957
2418957
2420275
2420275
2421287
2422405
2422405
2422813
2427256
2432384
2436190
2449267
2454530
2440431
2474510
2475944
2477106
2480350
2484854
2485424
2492988
2492988
2496552
2500411
2509245
2514091
2514091
2514091
2515621
2519047
2523109
2382517
2526414
2531165
2531638
2534466
2536214
2537317
2538097
2542036
