34097
41686
47710
55551
55551
59997
59997
65660
65660
41242
72121
112843
119566
164545
184686
186323
191732
267755
267755
287694
292083
298795
308813
302756
245393
200308
339784
353398
248340
365006
375956
376545
376860
372850
380601
172568
172568
409397
417317
419728
433476
442808
357544
450272
470743
473735
492407
516134
526508
530888
531488
532533
538136
541540
530701
530701
545417
549919
562668
562668
567753
571835
571835
574469
577394
582625
591302
597869
605523
580215
610231
620081
551111
634147
639347
645329
650108
654452
654452
671140
676340
681410
685242
682996
696941
696941
701633
701633
714329
721213
721213
724034
727232
728577
730288
734191
739262
703580
746655
748815
721707
724881
762836
765357
780122
780368
791781
814038
816532
818336
823911
824392
826430
826430
833772
837257
842182
845368
849824
852683
861475
861957
862671
862671
863687
869250
869649
869649
881601
874575
887145
890516
898165
902986
904075
885158
885158
908973
895512
915299
919045
801747
913314
924989
924989
926756
928019
929459
930413
930413
930707
931520
931609
932530
937624
938010
941380
941380
942476
942476
889261
950550
950550
954556
954742
957975
957975
958423
959818
961329
962593
949742
966432
969520
969520
969845
972298
973603
938437
977552
988774
988785
991844
991844
997889
998838
1001507
1001507
1005889
1006176
1007007
1010096
1014593
1019721
1020600
1014716
1035145
1036552
1036552
1041151
1043343
1045012
1045518
1050700
1050700
1051403
1056785
1056785
1060156
1023081
1061614
958091
1064886
1065988
1066757
1067418
1068566
1068566
1071232
1071232
1072232
1072270
1075797
1075797
1077583
1079913
1080139
1085435
1085435
1083051
1083051
888097
1090567
1092488
1098181
1098547
1103560
1103560
1104203
1104338
1104814
1073487
1120116
1120946
1120946
1120946
1128217
1101466
1129440
1135665
1100001
1100001
1150809
1153113
1157074
1157555
1159921
1161281
1165437
1166078
1168389
1168389
1168391
1170697
1171058
1172666
1172774
1173137
1173187
1176375
1178351
1178351
1182424
1186774
1186976
1178471
1189497
1193099
1195563
1200189
1200265
1204921
1205375
966360
1209920
1026767
1026767
1215494
1215582
1106894
1220485
1228838
1228838
1228838
1228838
1232474
1238277
1238277
1238422
1244324
1245436
1246298
1247651
1247651
1248222
1158494
1252068
1252068
1252068
1252819
1257526
1261605
1261605
1261907
1262454
1262558
1175382
1266996
1266996
1267260
1267926
1268824
1268824
1268824
1250846
1270610
1271045
1271926
1276322
1274776
1274776
1280191
1282194
1283424
1285447
1062770
1288643
1288643
1291269
1291579
1291579
1293307
1294563
1294563
1295033
1297930
1301330
1301330
1302183
1302183
1306030
1306564
1306595
1306595
1109683
1311266
1311266
1311266
1311266
1312124
1317461
1317661
1317808
1320450
1320627
1320627
1320994
1284666
1284666
1329408
1336375
1217474
1025963
1339805
1339805
1340777
1341303
1342689
1342919
1344469
1344469
1344469
1351515
1353446
830748
1366529
1151696
1373607
1373607
1081808
1377324
1381547
1381547
1391675
1402550
1399793
1406043
1421586
1425901
1425901
1431222
1434980
1261931
1261931
1437139
1440688
1441369
1441744
1443200
1447866
1344501
1452407
1454027
1455997
1455997
1455997
1456823
1461554
1471308
1478436
1478859
1480954
1480954
1485101
1486223
1486223
1492398
1496439
1498385
1498767
1504272
1504828
1504828
1512583
1512583
1513750
1513750
1514684
1517231
1517944
1518345
1519502
1393631
1524450
1524506
1497474
1525401
1530051
1536644
1537310
1537691
1542855
1542925
1543431
1543988
1550481
1550494
1557153
1557296
1031847
1558526
1558526
1561567
1561567
1561567
1563074
1563633
1569541
1569800
1570535
1575594
1577608
1579180
1580221
1580221
1580627
1581335
1581335
1581335
1148786
1552723
1592972
1594330
1597860
1237680
1607709
1610080
1611946
1616051
1621683
1621874
1621874
1621894
1621982
1622091
1623365
1623365
1401056
1626963
1627451
1627502
1625177
1628966
1628966
1630240
1630240
1632207
1632207
1632207
1633220
1633237
1633237
1635846
1647145
1648618
1667219
1668038
1668989
1671869
1668982
1566796
1677221
1677698
1674456
1678978
1680621
1693861
1693861
1696514
1700477
1700802
1703855
1714183
1719230
1719598
1719972
1720971
1722410
1718667
1726448
1717491
1715035
1741995
1742673
1739083
1750770
1600004
1751696
1755075
1755115
1759764
1759764
1759764
1760571
1764722
1759673
1768214
1769623
1700193
1779428
1780842
1783252
1789456
1789462
1792895
1793133
1778983
1796828
1756246
1808183
1809371
1809456
1809506
1811044
1811044
1629837
1813135
1817884
1817884
1817884
1818615
1820113
1820912
1823787
1767411
1829285
1833428
1833718
1838113
1843924
1844174
1845870
1846713
1846831
1851698
528000
1854766
1859697
1862782
1865288
1867674
1868535
1869186
1871920
1871920
1871920
1836982
1874177
1876087
1880608
1880608
1880608
1867271
1867271
1869533
1884351
1804812
1888518
1733078
1897177
1901804
1903658
1566547
1906681
1909824
1909824
1915723
1925601
1925601
1927039
1927039
1927039
1930018
1930803
1374578
1924180
1933914
1933914
1933985
1936480
1939974
1900852
1932910
1897775
1945793
1955225
1956755
1957421
1959125
1959554
1961630
1961630
1963004
1965103
1939339
1939339
1968247
1971997
1976954
1976954
1977317
1977317
1981098
1983503
1984708
1985060
1985060
1985060
1988616
1988616
1988616
1989122
1989122
1991749
973976
1997246
2000804
2008427
2009547
2014248
2014248
1842664
2021328
2022768
2022768
2024048
2024601
2025917
2025917
2027922
2027922
1918702
2031791
2034930
2036446
2037012
1808864
1942294
2043955
2043955
2043955
2045130
2048473
2034879
2051778
2051856
2052070
2052467
2057681
2057681
2060697
2063212
2068110
2068442
1993424
2071886
2075262
2078299
2078299
2080912
2081928
2082894
2084590
2085338
2085605
2087428
2087944
2088310
2088523
2088549
2089019
2089152
2091753
2091778
2091778
2091778
2092643
2095533
2095533
2098844
2110496
2110496
2110847
2114457
2114457
2114695
2114695
2114695
2117176
2108761
1820321
2119364
2119944
2120186
2121712
2121712
2123966
2123966
2123966
2124123
2124123
2134386
2139563
2140406
2145045
2145884
2145884
2145884
2145884
2146161
2147857
2147857
2147857
2151443
2151443
2155635
2155635
2155700
2159618
2159618
2163526
2164373
2165777
2172926
2173525
2176093
2176790
2179059
2180094
2181869
2156778
2187763
2189247
2191782
2067703
2194367
2198890
2199294
2052271
2203886
2204019
2206985
2207521
2207521
2210544
2210674
2082043
2214842
2215026
2223639
2225563
2226159
2226999
2226999
2212748
2230331
2230559
2230997
2234429
2238756
2239141
2240878
2250759
2251039
2254451
2264021
2268000
2268000
2268484
2268673
2263303
2270896
2270896
2270896
2262777
2262777
2272647
2272927
2274931
2274931
2274931
2275508
2282591
2282591
2282591
2285485
2287914
2288491
1958324
2287711
2302063
2304542
2307830
2309821
2309824
2287564
2310989
2310989
2317303
2318743
2321402
2287961
2287961
2332452
2332452
2336258
2337469
2340531
2351091
2199926
975211
2358432
2358432
2358432
2358432
2366124
2371396
2371965
2372436
2261088
2373527
2373241
2377170
2380835
2385328
2385328
2385712
2385712
2385712
2388769
2390949
2392070
2392247
2395062
2395062
2387272
2370693
2399858
2399858
2400055
2403613
2396005
2409840
2409840
2418872
2418872
2421409
2383183
2442818
2449456
2456620
2466203
2468661
2475339
2400942
2491733
2494512
2516554
2517036
2523334
2526171
2526834
2534882
2538035
2006170
2539143
2545659
