186911
346853
371016
396104
413386
351408
427750
442581
436978
466423
473283
474988
493044
517959
536607
559140
574650
586395
587206
588142
588142
590343
595796
600303
613720
614437
615878
618318
619807
623344
634949
636839
422136
648540
553237
657498
680338
680338
587043
692068
564329
697726
697895
663519
707164
709725
694402
694402
636393
715985
717623
729748
732045
732280
732280
739011
744182
745040
734190
748236
749323
751774
755651
759099
753316
634143
777596
663220
789529
778383
791110
795120
795610
795801
795940
806859
807831
821587
821587
821587
826236
827791
830537
824125
842792
842792
579866
848353
851813
852683
853867
860244
863113
849369
876094
879673
881391
881753
868473
881996
889217
890546
902341
902823
903043
905556
737728
914146
931584
934033
934144
934144
921855
941510
942940
944329
944723
945476
905119
917915
961224
964210
964210
967097
967252
971592
971761
539481
983481
983858
985093
989582
952393
1000076
1002244
822937
1014801
1018021
1018021
1018245
1013719
1020486
1020486
1008607
1021338
1021338
1023926
1022462
1026337
1033562
1052208
1059448
1060190
1060424
1052054
1074409
1074596
1074596
1050635
1080259
1083519
999432
1098473
1098586
1089678
1089678
694173
694173
1103463
1103463
1103463
1103463
1103463
925509
1109149
1117319
1119638
1122457
1126095
1130790
1131098
1131685
1131760
1136884
1137778
1137778
1141909
1144604
1146612
1145023
1150042
1150042
682281
1136149
1152559
1157018
1157083
1157967
1162388
1155356
1177270
1125370
1143817
1188672
1189744
1190470
1157572
1202610
1210804
1158767
1217633
1219797
1219829
1166748
1238414
1241299
1243413
1246369
1248598
1248871
1248923
1210574
1252827
1253206
1253922
1256111
1256524
1257562
1157441
1260920
1262410
1262960
1267247
1267247
1267252
1271929
1275747
1276331
1280194
1280194
1280480
1282123
1282123
1282123
1282504
1282504
1284358
1286316
1287516
1291299
1296231
1301388
1301388
1192060
1192060
1264863
1312159
1313559
1315340
1317251
1317565
1318761
1311912
1238432
1325570
1325579
1325579
1329045
1330595
1342143
1344871
1346760
1347739
1357624
1358547
1366006
1367155
1367155
1369545
1369545
1369545
1374029
1374874
1376135
1381824
1381824
1388514
1388906
1388906
1389127
1389127
1389401
1387277
1403806
1269430
1408974
1409478
1410068
1188437
1188437
1414483
1415122
1415122
1415122
1417973
1429745
1434850
1436907
1314759
1443395
1450185
1458849
1461924
965785
1433412
1433412
1433412
1467968
1461230
1471150
1484383
1486981
1491610
1493791
1493791
1495814
1447575
1497841
1497954
1499780
1189616
1503205
1503286
1504481
932235
1525478
1301375
1531148
1519259
1466924
1536561
1542750
1543630
1544179
1544866
1381820
1549366
1551054
1551054
1552826
1552826
1553194
1458874
1556852
1557295
1557993
1563625
1567554
1569008
1565487
1565487
1569624
1569624
1569854
1569995
1572038
1572038
1574603
1574603
1575138
1575611
1580047
1580543
1581139
1581333
1390700
1587369
1588510
1592192
1592192
1593703
1594069
1536850
1597801
1599432
1602202
1602592
1604642
1541997
1608037
1609210
1530616
1610294
1439394
1616818
1613347
824872
1627456
1633224
1637963
1645961
1646451
1160351
1648460
1656902
1670363
1675005
1365338
1687287
1687404
1693859
1699111
1681921
1701204
1701204
1703930
1703930
1712558
1712971
1716199
1695218
1719626
1723217
1723467
1724607
1729835
1717828
1730072
1730072
1737106
1712992
1746011
1750209
1750237
1750974
1752805
1753391
1755252
1054598
1756731
1745150
1707295
1707295
1760574
1760663
1765605
1770876
1773829
1775031
1770984
1774242
1774242
1781161
1786699
1786699
1788919
1788919
1789322
1789383
1790363
1793828
1580891
1809455
1809568
1809637
1811658
1811658
1811658
1823086
1823759
1828441
1829113
1832630
1833709
1838305
1834293
1834293
1834293
1834293
1834293
1834293
1834293
1834293
1834293
1839490
1841885
1832014
1846696
1847359
1847568
1848627
1849129
1408257
1851103
1817644
1856875
1860553
1863171
1863474
1863474
1411188
1411188
1411188
1868912
1869512
1133651
1871929
1871929
1815854
1860913
1876071
1876076
1877533
1877892
1873550
1881362
1884723
1884723
1889105
1906088
1907556
1921953
1921953
1934310
1557676
1938079
1938079
1938079
1938759
1932951
1932951
1943263
1918662
1946307
1888937
1955241
1955981
1533352
1959476
1963509
1963914
1969718
1648398
1972769
1972769
1972788
1978549
1979316
1981004
1982694
1987765
1988648
1995015
1995184
1995184
1966980
1997840
1999098
1992425
1992425
1943346
1999975
2002572
1185135
2007718
2008575
2008575
1908028
2011722
2012001
2012217
2013325
2014874
2014874
2015526
2015819
2015819
2021353
2024078
2028272
2037266
2038859
2039589
2021678
2042527
2023706
2047990
2049001
2051792
2051792
2051792
2052554
2054627
2054627
2055744
2058711
2058931
2054459
2063401
2068479
1289795
2070848
1388112
2073381
2073931
2075263
2075420
2073176
2078745
2079926
2025647
2080462
2085335
2087515
2088555
2089340
2091780
2091981
2091981
2097572
2108356
2112592
2088830
2088830
2119400
2126747
2128778
2128778
2129963
2132670
2132670
2135071
2135299
2135377
2138053
2141892
2143248
2143551
2146761
2146761
2146761
2153006
2156457
2159721
2160252
2162935
2162935
2163881
2166883
2167048
2168699
2171315
2171315
2157996
2172530
2174981
2176782
2183434
2184951
2187828
1859838
2195866
2196059
2191680
2199056
2199056
2202622
2206493
2206892
2209723
2210404
2210599
2211300
2211300
2212626
2214194
2214419
2214586
2219063
2222875
2225917
2225917
2226407
2226718
2227102
2230352
2230553
1020387
2226082
2234399
2237208
2237460
2238749
2238749
2238749
2238749
2251245
2082219
2254366
2271613
2272679
2274925
2278186
2284633
2290532
2290532
2268589
2274825
2307799
2257478
2317306
2322117
2333322
2334712
2334712
2334764
2241879
2241879
2341735
2341735
2344287
2362425
2369583
2373150
2377026
2381403
2385049
2388245
2388777
2392271
2395798
2399014
2399887
2403883
2404714
2411504
2414066
2421091
2421957
2428966
2435345
2435742
2436234
2445338
2412691
2449111
2449466
2449466
2449466
2449466
2453416
2455909
2468791
2471967
2471967
2471967
2472783
2487321
1621891
2512761
2512898
2513023
2516607
2519059
2436542
2538664
2542034
2545581
2555586
2570626
