1147
24023
29649
30613
35010
35642
36134
36524
41313
40017
40202
40531
42244
49067
49256
52386
55900
56337
58062
58970
58978
59731
62589
63322
64267
65233
69666
72470
73561
75301
83355
84538
86266
86352
88145
88633
89362
101337
124508
128780
130030
135051
137303
138463
152726
154988
157886
169393
175397
188071
289256
307410
313716
324889
347808
738978
818369
959161
1020570
1206896
1236720
1313279
1350672
1352046
1356688
1486534
2934611
1524996
1570419
1573659
1580728
1618445
1641637
1674105
1685542
1725155
1785185
1836851
1924965
1945907
1992475
1997261
2096611
2096780
2098377
2120117
2142037
2144135
2177659
2199070
2202224
2218160
2225505
2226227
2234038
2238398
2239337
2248322
2249551
2283643
2311803
2318400
2343251
2371574
2403253
2405667
2428598
2430975
2436870
2444027
2457696
2458659
2468315
2487840
2499141
2494801
2524652
2557466
2574379
2623967
2633704
2643592
2644450
2650207
2659367
2670774
2678822
2689473
2699419
2702495
2709014
2719334
2741605
2743617
2744118
2766138
2778415
2800493
2814172
2820241
2843881
2866814
2868857
2872861
2876970
2880033
2881614
2895386
2907160
2909363
2915013
2921856
2938091
2935152
2942890
2944309
2947341
2951510
2957016
2988041
2995623
3028386
3035172
3036098
3046747
3059189
3077812
3079414
3081776
3082319
3088664
3093649
3107385
3117704
3132790
3133966
3134922
3141635
3141738
3142119
3153891
3154009
3154664
3175889
3154807
3154808
3158362
3167107
3167163
3168758
3563039
3177690
3180887
3183124
3193055
3195088
3196640
3217272
3218188
3220424
3220509
3226703
3226925
3378486
3227615
3251884
3258973
3259121
3263174
3265525
3265935
3265963
3270202
3273801
3276441
3333126
3278597
3283965
3287656
3290370
3296392
3298591
3309939
3310130
3311073
3312965
3322576
3333550
3333760
3339094
3345195
3350321
3354224
3355800
3356349
3362950
3362951
3374102
3376899
3400091
3418833
3419840
3436489
3436822
3438866
3450300
3451114
3453813
3505833
3457821
3460267
3461901
3474842
3476213
3478294
3499131
3500303
3503690
3503811
3509725
3535284
3544716
3563454
3563737
3569371
3572678
3578125
3579553
3588298
3591641
3592328
3592504
3597015
3604159
3612221
3614534
3620355
3624869
3626545
3634080
3634667
3634861
3644550
3657734
3666388
3667852
3673267
3678648
3680702
3685120
3686513
3688220
3688639
3701331
3710856
3710857
3711612
3711613
3716151
3717470
3722076
3733865
3734583
3738278
3748396
3751557
3752660
3764512
3764586
3765312
3767159
3775002
3784938
3886310
3786378
3790303
3793499
3795143
3800124
3800479
3802323
3804788
3813937
3815518
3823520
3824170
3837892
3846744
3853782
3855505
3860941
3862211
3868007
3869946
3871654
3871749
3872021
3890682
3893986
3899689
3907769
3910021
3934020
3957321
3964687
3968917
3971005
3985812
3992279
3994999
4009188
4010479
4027503
4036099
4048863
4052088
4058452
4061109
4061935
4065549
4074836
4075902
4093184
4093491
4101130
4103558
4121336
4111667
4113257
4117331
4122129
4123019
4134134
4142827
4145098
4165053
4166035
4172720
4176525
4185481
4196169
4196780
4197023
4198382
4198478
4210971
4211614
4266238
4267100
4294868
4315459
4320729
4321483
4327687
4327793
4330212
4331822
4339591
4344423
4347684
4350139
4352411
4358041
4360152
4360848
4361042
4361043
4368631
4375718
4376532
4390203
4377688
4378380
4386400
4392963
4402658
4416884
4436256
4443648
4445638
4464130
4465776
4479935
4482584
4492500
4496890
4497966
4499359
4501779
4501918
4506546
4506882
4508547
4517545
4520071
4535315
4544552
4554728
4634936
4554752
4555128
4579550
4605483
4613489
4617718
4626003
4635973
4645199
4647116
4654396
4681897
4747975
4747976
4682591
4686061
4693565
4703461
4703544
4704402
4704518
4713171
4722094
4732514
4746101
4757236
4758192
4782071
4785531
4788639
4804705
4812114
4814345
4831814
4832411
4836576
4847519
4856577
4853751
4855234
4860096
4864412
4891801
5183181
4864642
4876808
4881530
4883423
4889670
4932986
4948974
4953728
4963318
4976586
4982832
4997024
5201728
5028507
5039558
5039575
5070760
5112575
5128505
5135263
5146555
5148639
5156788
5156790
5178082
5179198
5188682
5188789
5203092
5207529
5208273
5208277
5212340
5223957
5225422
5240114
5244679
5246784
5256358
5272901
5280538
5307420
5324165
5330244
5331982
5338884
5357809
5398032
5405908
5467803
5497651
5517086
5517381
5570104
5572366
5585920
5592399
5604391
5618035
5628655
5638582
5667932
5683606
