25825
129407
131362
140108
140167
150837
151821
154853
173391
182001
210718
230127
240488
240689
252290
283952
297150
301690
320098
341891
353834
360345
435994
438187
482650
487900
495633
503082
513775
533775
536476
541548
559842
628755
654220
658994
666445
676172
679779
680886
687275
694305
698249
771496
720038
720590
722934
724015
727837
733432
735403
738679
740692
761792
790415
803197
806581
811127
819641
820733
830322
837694
841064
853625
861381
863037
882812
888383
892791
904043
904351
905642
928937
941600
950234
952383
973901
975153
978326
981641
990396
1010809
1018115
1018938
1023481
1054395
1040424
1041874
1061235
1066809
1070620
1072406
1076701
1086956
1082403
1093605
1099722
1100090
1109818
1107970
1114132
1151133
1154766
1155233
1162919
1163090
1165959
1166087
1172029
1216282
1182474
1184167
1189905
1193344
1225022
1229987
1245276
1270888
1270943
1279815
1284220
1296925
1307021
1314212
1345661
4899798
1360649
1362551
1368107
1407818
1412813
1413421
1414172
1418503
1435550
1474012
1483766
1506911
1506912
1513645
1520445
1524183
1573242
1532896
1536489
1550984
1551127
1563493
1618753
1575952
1577207
1582579
1594481
1597640
1598151
1618099
1619453
1629264
1633520
1635124
1639219
1647044
1647382
1652205
1667960
1674513
1677967
1680262
1684136
1694583
1701563
1707318
1714819
1717648
1718994
1723257
1725346
1725369
1725575
1728042
1740159
1755497
1764267
1777075
1778453
1789071
1790755
1805910
1811477
1828691
1843575
1860763
1871292
1877730
1884742
1889138
1890389
1895993
1910434
1911436
1924480
1937819
1939511
1939512
2042954
1941639
1942387
1982046
1946789
1960329
1963713
1964722
2113440
1967760
2026022
2034145
2034429
2043183
2056031
2056998
2057577
2058461
2063501
2066988
2104765
2106385
2109843
2112709
2117567
2118515
2126374
2139172
2140939
2147636
2152441
2152442
2165315
2154177
2158483
2159153
2171935
2177434
2177848
2178235
2192267
2194417
2378100
2196278
2196456
2196978
2205660
2211226
2217658
2259267
2224855
2224972
2226084
2228184
2228784
2230996
2238810
2245373
2258472
2260974
2267030
2272442
2272898
2291511
2296795
2299186
2317600
2301348
2312864
2322266
2324478
2326286
2328227
2330438
2335876
2366967
2372012
2385728
2395518
2395787
2410799
2416659
2414020
2420321
2423209
2427894
2430049
2454858
2454972
2455429
2456625
2456648
2458108
2460502
2475310
2477307
2489781
2509495
2579667
2510762
2512293
2517295
2524625
2525842
2530448
2540414
2555506
2561733
2564546
2565154
2584615
2586572
2594338
2595779
2595876
2603705
2614668
2615377
4221214
2615793
2631491
2633684
2633812
2635967
2639143
2639520
2643380
2646718
2659287
2659364
2661937
2665294
2672465
2686709
2690060
2690880
2699247
2709081
2709040
2719875
2730748
2731383
2744118
2747080
2756612
2768610
2770840
2772167
2777125
2796865
2811443
2811451
2829202
2829777
3643054
2831735
2833257
2838224
2840384
2850244
2852047
2852070
2852576
2861767
2882983
2898446
2900597
2902513
2903668
2910337
2912487
2918191
2925556
2946925
2947308
2949285
2956892
2965623
3002401
3007213
3020125
3025277
3035995
3067198
3073990
3081546
3096443
3111067
3113527
3114519
3115920
3116701
3118300
3120569
3133758
3142494
3142574
3153827
3155182
3156210
3158285
3166325
3167775
3169154
3169588
3169762
3170089
3177993
3180981
3182653
3185179
3192918
3193407
3197548
3200539
3200753
3204987
3217086
3293168
3224505
3224506
3227595
3228439
3229006
3766299
3238727
3250378
3250589
3255213
3259314
3262706
3271290
3272642
3274114
3276259
3296267
3279045
3283012
3283358
3287712
3299474
3306679
3321654
3327772
3327825
3334163
3343489
3348996
3355817
3365850
3375087
3378348
3385806
3404584
3407301
3421429
3539717
3813741
3427703
3428216
3436442
3442451
3449685
3451160
3458074
3461132
3466080
3476110
3481299
3482159
3494393
3494395
3517036
3527367
3582596
3533337
3535240
3537093
3538894
3541633
3555243
3564236
3570066
3571932
3580944
3581594
3582899
3585903
3589478
3591652
3617644
3622233
3622321
3625425
3627980
3633224
3633275
3645538
3659079
3727843
3664282
3665648
3665873
3666142
3667132
3676680
3678924
3682372
3695851
3696152
3696815
3705040
3730261
3733497
3749463
3751526
3752638
3754403
3762761
3764521
3764885
3779688
3789568
3789610
3793450
3794996
3815478
3816602
3822585
3830509
3831252
3832471
3841928
3872107
3841944
3849882
3851337
3854228
3860941
3862258
3862295
3863235
3865985
3868007
3869835
3870266
3871735
3876766
3877130
3962298
3879907
3880817
3880893
3882968
3886732
3887280
3890347
3898950
3902810
3911995
3924007
3928155
3929510
3934531
3939649
3943796
3949949
3953951
3961544
3967124
3972763
3975378
3977159
3987057
3990667
3993104
3993690
4035879
4001008
4007723
4013044
4041878
4049420
4070151
4073069
4077920
4079711
4083720
4086865
4091774
4093374
4095064
4101131
4103530
4112429
4113673
4113700
4113917
4125180
4131201
4131547
4140160
4150202
4151384
4153830
4166035
4167996
4168792
4170273
4174036
4183042
4197953
4330315
4199616
4201646
4219977
4220170
4221265
4235032
4236706
4258216
4267176
4267593
4286007
4286644
4300734
4328103
4330875
4337889
4344412
4344435
4350433
4356181
4361046
4368093
4372923
4376804
4401656
4384589
4384635
4388888
4390052
4390259
4392958
4396259
4403180
4403911
4404885
4418008
4425169
4425507
4450755
4457624
4459426
4462150
4468656
4469414
4486893
4487646
4487931
4489702
4502371
4547732
4507361
4518098
4527122
4541081
4542585
4545974
4553170
4556372
4558083
4572490
4579186
4579499
4587898
4594139
4602844
4603668
4606756
4617662
4625998
4631913
4635168
4640368
4754448
4644430
4646423
4653780
4670434
4672808
4672887
4673122
4679169
4685545
4717103
4722326
4724806
4732459
4736787
4745682
4765431
4766086
4767578
4771768
4787645
4817847
4827835
4830168
4839249
4851380
4873779
4877373
4894244
4899042
4906620
4982227
5005911
5009126
5011569
5043035
5045992
5052393
5060985
5064282
5112574
5112694
5124323
5133893
5141395
5142449
5162347
5172542
5168010
5169231
5175852
5189938
5194260
5202183
5212007
5213936
5214110
5223447
5235291
5235323
5244684
5256746
5264767
5324161
5337619
5346701
5350058
5403723
5405850
5410731
5418314
5456216
5495616
5502054
5517116
5526885
5527932
5528579
5552131
5558782
5561376
5564749
5602607
5594545
5595078
5618395
5630928
5638693
