95382
124993
153857
161037
167094
168031
238265
245780
270490
378126
446124
454024
467726
478437
478605
484257
541990
633993
665126
665149
707802
816472
821238
824970
869286
898106
902947
953945
969555
995533
1029677
1056698
1083202
1104818
1126317
1140833
1158221
1160810
1182462
1220396
1252022
1296762
1314987
1351114
1392665
1392667
1395662
1405185
1415403
1419909
1437419
1440743
1442763
1456417
1461560
1476582
1501582
1519914
1522554
1543094
1565588
1575929
1582806
1594116
1594975
1615502
1617055
1619335
1701590
1620698
1632332
1634515
1644000
1649001
1669808
1678973
1707563
1711751
1725174
1740944
1759822
1773876
1781869
1784484
1812405
1814068
1814107
1834172
1838165
1838381
1858570
1863209
1876451
1883717
1892676
1896581
1898492
1908618
1913466
1927243
1932857
1950290
1963977
1974347
1979370
1982523
1984424
1988870
2011421
2015201
2027309
2040486
2045139
2045906
2055688
2068313
2095041
2096523
2106420
2133171
2138942
2139992
2145701
2147091
2169726
2177100
2201575
2219882
2221510
2229381
2234734
2234808
2251000
2279885
2280204
2309567
2318302
2324154
2332178
2339004
2354340
2394997
2397737
2399834
3238107
2405683
2411161
2418757
2419181
2439282
2442117
2442178
2456973
2463995
2474770
2476320
2480636
2484169
2489209
2502505
2527018
2527867
2529614
2549390
2569027
2588797
2592046
2592887
2594547
2599344
2601109
2613061
2613160
2624071
2633747
2636826
2643203
2645666
2655697
2659349
2659353
2733296
2663016
2665225
2680271
2680328
2689069
2689460
2689525
2690632
2699245
2701911
2701912
2709056
2715016
3356229
2716181
2729871
2734059
2737076
2739798
2776718
2745957
2753127
2769942
2768157
2772767
2775823
2781252
2803777
2804225
2810326
2811326
2815969
2822215
2832918
2848637
2851406
2856172
2856198
2858748
2886608
2895460
2916575
2917552
2919880
2929337
2929543
2930551
2956889
2957197
2958967
2960116
2968671
2977897
2981472
2983325
2987938
2990275
2996890
3412161
2996939
3013254
3016912
3022593
3032224
3033108
3037872
3044230
3045026
3634614
3046747
3048727
3059216
3064155
3069073
3070926
3071710
3081313
3081702
3081816
3083586
3084859
3102501
3114327
3120772
3121055
3128039
3128396
3129805
3134105
3136481
3151748
3153029
3266609
3155890
3156883
3157178
3168622
3180421
3186407
3187928
3188917
3202728
3205991
3207056
3213577
3216914
3227289
3227488
3228570
3228701
3234400
3239350
3245026
3250615
3253646
3256284
3257369
3258972
3263248
3266273
3276720
3280820
3287875
3295619
3296906
3298727
3299412
3305493
3310526
3311036
3322603
3323278
3325882
3333660
3333794
3333973
3337346
3358678
3361539
3364545
3366724
3371036
3404786
3406918
3407350
3417994
3422364
3423332
3430131
3447590
3448347
3456123
3460991
3461180
3472300
3473158
3473962
3490850
3500529
3504120
3629018
3513315
3514299
3514334
3515578
3515720
3524592
3529794
3531367
3542719
3551562
3581993
3585006
3587013
3591933
3598884
3612219
3619544
3621392
3621771
3622267
3622466
3627365
3633547
3634730
3640546
3641172
3644138
3665124
3665400
3668832
3670819
3679870
3686197
3697859
3710357
3716151
3731322
3733503
3754090
3755372
3756258
3765142
3772393
3775573
3783722
3788110
3791771
3798506
3801827
3806985
3813938
3822375
3835610
3842897
3856409
3860793
3860846
3863675
3871587
4527213
3877128
3877400
3905725
3928639
3934039
3936745
3947234
3953996
3960193
3972485
4125180
3975992
3977483
3988647
4000824
4003754
4009857
4011129
4011674
4014722
4044493
4052088
4060716
4083194
4092209
4096689
4103535
4103613
4104690
4107647
4109198
4110208
4113647
4120999
4122021
4122059
4122999
4126265
4131291
4134832
4137019
4155780
4159735
4160111
4171614
4178035
4179715
4186224
4186806
4187139
4201176
4193423
4195403
4195596
4196782
4196256
4197781
4204434
4209601
4257603
4257854
4258540
4259558
4261090
4268574
4275880
4289802
4300341
4315624
4321758
4332916
4344695
4347160
4352105
4356545
4365404
4376731
4378559
4384667
4393036
4402431
4424858
4425102
4426279
4438960
4876662
4478118
4486284
4493432
4499426
4502914
4510406
4532935
4552172
4563356
4576238
4585386
4596785
4605402
4615282
4622476
4626952
4630386
4636163
4645920
4654341
4668425
4676950
4682696
4692498
4692559
4692588
4713553
4714246
4722251
4722252
4724802
4732165
4733828
4746039
4746043
4749488
4753267
4753270
4754075
4756451
4757386
4811048
4826296
4829859
4847498
4871437
4918975
4919642
4925675
4950087
4951941
4985348
4994311
4995024
5028518
5033785
5059460
5075614
5086439
5135285
5141333
5146991
5149735
5180482
5184757
5187749
5234035
5189952
5202095
5204478
5211848
5212978
5214242
5237132
5244695
5269296
5269443
5286660
5307932
5309336
5311290
5321908
5323737
5351259
5357494
5390951
5397938
5399214
5417845
5420616
5426140
5505672
5547110
