41857
104229
214248
215589
412288
495633
572525
611753
646087
656270
664851
672100
809378
688886
690027
703657
711757
764082
771496
773238
785048
790048
796606
801512
803121
819381
822219
823710
827317
829921
860047
863980
874113
880496
917718
918428
949612
969324
975153
975385
980313
986375
1001573
1013155
1110881
1026834
1027973
1038469
1250652
1039561
1041727
1091903
1046293
1972079
2022865
2096355
1057469
1060503
1061459
1066809
1067728
1068588
1081059
1961029
1076701
1081782
1081885
1097891
1099170
1102101
1102785
1103865
1105014
1115206
1121616
1129406
1133613
1133671
1133815
1139752
1142251
1142636
1144999
1148905
1155264
1181112
1162224
1162468
1174207
1185926
1192810
1192241
1208335
1204319
1204535
1204536
1204537
1205372
1207223
1221614
1225022
1226282
1227415
1231520
1240236
1648056
1243602
1249515
1251051
1250888
1257732
1260053
1262025
1274583
1274584
1279068
1282279
1290123
1290788
1295194
1296305
1296925
1301978
1846902
1314214
1315116
1321823
1331324
1332972
1360912
1361429
1391381
1394500
2311647
1400367
1408950
1420175
1420176
1426056
1411573
1414172
1417945
1435550
1467196
1474012
1474455
1475668
1488898
1495657
1512759
1514773
1513315
1521106
1522329
1530772
1536489
1536491
1540269
1551347
1559618
1563445
1567816
1568203
1573918
1575173
1624963
1680262
1625960
1629264
1630565
1639219
1646696
1653038
1653723
1657285
1682101
1689229
1693566
1710439
1711021
1719416
1725346
1725575
1727589
1732257
1732533
1800937
2050282
1737389
1744742
1750280
1752817
1755497
1773969
1775699
1780800
1786180
1786452
1791963
1804048
1825523
1806995
1809151
1810154
1813521
1817304
1817797
1820714
1825953
1829794
1836680
1842847
1843130
1848230
1859321
1872396
1872562
1875396
1875674
1879954
1890080
1900365
1923556
1931547
1934215
1936753
1938392
1962416
1966553
1972467
1979409
2155805
2219645
1982706
1984141
2002055
2004420
2018065
2018066
2119593
2025135
2027739
2048601
2050176
2054768
2067098
2069601
2085476
2095147
2096800
2103821
2104299
2104765
2108163
2120917
2132327
2134918
2137749
2140939
2143181
2148514
2156782
2158483
2161350
2172149
2191401
2193304
2172903
2174412
2175468
2178443
2184125
2184608
2187883
2189627
2190839
2194622
2196538
2200171
2206810
2217317
2221627
2230996
2234162
2238810
2240593
2245294
2250670
2250760
2257151
2262204
2430049
2266069
2269187
2274427
2274780
2278105
2419257
2284524
2299186
2301247
2301348
2308964
2317701
2321574
2336237
2327276
2328227
2330438
2335100
2336310
2348869
2355667
2358493
2367179
2386178
2389623
2415476
2399462
2407152
2407999
2410799
2415690
2422504
2423209
2450295
2478036
2484998
2484999
2485000
2491599
2498628
2510762
2515530
2521711
2524042
2525448
2536719
2545898
2556679
2603571
2547487
2547849
2556965
2557665
2557938
2564100
2567738
2568969
2578306
2842231
2585154
2591255
2597308
2603315
2603951
2608381
3214639
2613045
2613046
2623951
2633788
2637488
2643380
2646355
2651915
2654320
2659377
2660175
2667881
2670491
2675756
2676534
2684033
2685141
2689519
2716344
2689633
2689780
2699190
2699247
2700108
2703869
2708442
2708955
2715370
2719302
2719303
2719875
2728312
2731559
2733012
2740495
2750909
2750999
2760729
2761537
2761831
2762787
2768928
2770392
2777202
2784285
2784430
2788239
2788624
2808771
2804276
2827390
2829202
2829777
3643054
2835869
2840740
2842243
2850593
2852980
3089972
2863676
2867911
2883760
2884262
2886229
2898312
3009195
2943184
2945039
2946220
2947175
2962206
2988239
2991730
3045622
2994583
2995484
2998904
3010077
3011678
3019183
3019994
3022399
3025277
3028955
3035995
3040755
3044298
3048435
3056371
3056372
3479041
3057790
3059148
3059149
3063026
3066712
3072862
3081546
3155647
3081764
3083355
3083843
3085953
3113345
3087594
3093143
3103467
3103748
3107383
3114646
3137688
3115920
3118813
3118849
3123711
3130523
3135266
3142494
3144450
3144505
3150351
3153603
3155137
3155409
3156822
3159026
3161838
3167229
3168035
3169154
3169762
3177993
3181167
3185326
3191483
3192695
3192918
3193043
3194831
3196323
3197548
3203760
3205755
3216821
3218068
3229006
3766299
3230638
3231534
3238236
3239062
3243028
3243699
3244733
3253226
3263082
3276028
3276259
3278791
3287700
3288489
3291179
3299389
3305982
3307358
4296145
3311114
3311170
3311238
3313830
3324532
3329210
3329820
3329838
3333705
3340977
3348479
3348480
3351879
3356285
3358212
3363297
3368030
3370125
3372493
3386357
3386362
3399611
3408413
3595125
3409202
3412659
3413892
3415866
3423216
3426356
3433173
3446914
3447326
3455421
3457382
3458074
3459651
3461132
3481651
3481655
3769401
3482459
3487772
3502280
3503549
3506787
3513644
3517036
3532244
3534472
3535240
3544033
3545159
3557042
3566497
3571270
3581594
3591499
3591999
3592176
3592831
3597185
3602276
3601518
3607430
3642326
3620057
3620650
3622063
3622209
3622233
3622644
3632423
3632723
3644151
3659002
3666142
3682178
3698710
3701076
3701960
3708437
3711821
3719187
3722538
3727843
3731630
3732612
3741088
3742270
3749446
3754417
3754436
3755499
3756517
3763940
3764599
3765498
3774858
3775437
3792658
3793495
3793506
3802256
3802259
3802260
3802261
3805311
3806995
3812815
3830079
3831252
3832960
3862295
3836604
3841928
3842040
3847176
3851515
3860843
3861036
3862258
3881366
3863235
3871505
3875182
3875908
3876766
3880525
3880894
3890347
3890657
3894940
3904709
3904864
3922591
3923537
3935334
3936556
3943796
3945387
3952099
3961544
3965572
3965274
3966293
3970225
3970781
3972485
3975099
3982122
3989763
3993830
3997710
3997852
4010812
4022517
4031306
4336479
4031481
4039671
4041878
4042137
4046760
4053040
4053095
4061078
4070151
4070918
4093043
4093667
4094398
4103530
4112747
4113449
4116002
4131039
4132191
4145932
4163550
4174036
4178482
4179283
4185510
4186255
4188886
4188887
4190668
4196584
4202719
4216108
4221265
4234684
4235908
4237197
4246897
4252427
4256790
4261462
4267591
4267593
4274997
4277596
4278285
4283907
4299097
4302264
4313217
4316863
4317952
4322911
4327892
4332113
4344435
4353382
4366290
4368595
4376808
4369312
4370716
4376786
4417232
4377728
4378087
4378303
4384635
4392030
4392947
4404885
4419645
4426868
4431252
4443840
4444787
4449471
4577878
4452129
4452451
4457624
4459145
4466537
4468434
4482292
4484226
4489676
4498966
4499196
4506675
4506676
4507335
4518098
4529641
4546392
4553799
4933387
4579442
4579499
4579522
4618007
4618010
4625968
4626318
4629881
4641313
4645266
4647035
4648692
4669154
4649400
4660209
4663324
4663832
4673771
4675675
4678869
4688951
4691462
4692958
4705740
4705868
4716539
4722255
4723541
4728558
4731050
4734528
4736787
4747925
4748427
4749195
5662278
4754448
4756583
4763323
4767775
4772470
4778054
4792873
4796175
4798382
4838717
4838793
4847505
4922629
4955680
4972947
4980107
4981969
4983859
4994175
4998147
5020021
5029777
5020756
5026057
5050134
5092807
5081818
5089181
5111310
5111775
5121308
5123942
5126445
5128051
5143281
5157629
5162347
5168187
5168331
5179237
5181475
5181477
5201480
5189070
5190008
5211174
5214742
5218421
5218985
5403724
5238452
5244782
5254093
5270288
5330128
5337206
5345001
5349416
5349417
5349421
5374737
5393040
5399907
5405851
5405871
5405933
5456216
5500905
5503066
5644282
5518710
5523425
5536758
5540215
5549242
5550736
5552221
5558810
5571760
5593175
5594558
5594899
5595041
5602014
5614653
5630018
5640809
5641041
