25605
129891
180104
205645
231964
239421
243657
252094
281568
281631
281632
289824
306018
317223
320180
333074
336228
338391
338545
345579
384313
420964
432839
433168
463136
473321
484036
495776
528959
547874
556682
609843
613823
633965
657917
658127
663888
663889
664257
734521
664436
668662
675734
682053
682054
705111
706743
708466
718156
724194
734096
743896
744673
749780
750244
765873
789752
793845
797658
800326
803798
3059190
822166
874858
877312
890329
902716
908042
920704
927672
928612
934014
943248
974975
949234
957288
965243
970233
976409
986861
986939
988403
1008079
1009197
1011046
1014449
1031991
1062720
1067906
1083033
1086052
1107102
1389624
1139787
1148303
1152893
1158582
1222416
1242897
1257564
1282380
1306871
1310371
1329273
1329672
1330828
1343293
1396459
1419909
1421048
1423240
1425047
1434424
1460113
1469240
1498537
1499108
1504551
1518377
1530797
1539911
1578256
1582287
1617279
1637465
2467744
1650859
1652503
1665868
1681360
1685606
1682412
1685793
1688885
1714161
1723710
1723711
2536819
2604335
1726994
1727798
1729283
2026708
2078661
1733764
1736935
2540332
1759171
1763938
1766008
1770552
1770970
1780118
1780840
1794298
1803763
2105741
1826282
1838165
1843621
1849738
1865097
1877600
1905293
1907933
1911573
1911574
1922548
2324475
1932489
1997307
2437233
1997892
2014556
2015643
2026805
2036340
2056505
2060262
2062625
2064497
2191785
2069999
2079696
2122535
2123588
2628639
2137635
2170985
2610052
2172867
2185874
2196329
3313438
2198089
2204117
2225237
2242434
2242435
2419749
2245529
2248172
2249464
2321277
2253996
2271070
2276016
2281410
2316176
2319438
2322259
2328816
2362339
2336532
2348349
2356072
2356073
2373569
2378330
2448542
2455776
2461732
2471632
2636406
2477243
2989525
2477497
2478754
2496838
2518737
2527018
2528370
2541686
2565902
2583501
2587503
2593365
2764088
2594030
3076248
2601556
2819791
2603758
2761040
2608169
2613136
2617259
2623954
2633689
2651771
3388222
2651801
2658705
2720001
2659368
2659369
2661624
2680344
2662785
2670759
2671061
2677494
2680248
2680501
2680826
2680853
2689713
2692384
2699196
2707973
2708949
2715692
2719283
2719284
2722172
2725800
2735574
2744036
2750537
2752177
2765068
2771080
2772466
2793277
2806218
2806219
2809229
2810175
2811348
2816020
2816023
2831036
2831724
2838467
2842757
2853674
2856401
2948446
2861267
2902017
2873007
3199349
2874944
2875433
2881619
2893329
2894630
2895842
2899195
2904852
2907463
3511354
2918146
2918272
2929650
2931693
2935021
2943621
3092421
2944122
2946886
2948669
2948670
2953828
2954864
2969484
2970030
2974083
2980668
3164314
2981463
3249380
3249382
3298727
2983479
3206402
2994531
2994682
2995195
3004561
3005828
3091046
3226901
3006869
3008694
3008695
3008709
3008936
3010348
3018109
3020230
3029722
3036864
3036865
3036866
3036867
3036868
3036869
3036870
3036871
3040670
3044911
3568109
3046849
3056724
3057682
3069490
3076939
3079004
3081743
3082675
3089021
3094900
3096550
3101066
3105129
3107770
3108004
3193214
3108159
3205949
3117703
3118309
3119054
3129623
3131107
3133842
3134087
3324337
3141308
3141960
3142708
3143524
3400213
3144118
3144478
3153518
3154777
3154809
3157129
3157748
3168048
3168661
3168871
3169485
3169923
3193875
3169925
3170081
3170501
3178933
3317368
3412256
3179700
3180049
3181702
3188043
3192005
3192017
3480896
3192865
3194470
3196322
3196815
3200833
3200834
3203738
3205100
3205101
3206068
3207536
3506220
3208568
3210249
3215610
3215636
3216822
3218544
3231170
3289381
3220851
3227634
3229017
3230925
3238282
3240924
3247754
3248501
3251854
3254875
3262369
3263098
3276724
3278348
3287781
4254659
3289012
3299406
3301559
3307758
3360089
3310526
3435049
3311797
3313229
3313230
3322513
3327998
3331199
3332936
3413538
3333669
3335664
3714369
3355394
3356836
3359658
3376932
3381069
3385965
3393903
3404667
3407287
3412124
3402540
3415931
3448517
3481302
3482199
3484399
3487653
3494362
3495617
3497237
3504528
3513453
3517016
3523496
3524633
3534845
3539132
3559690
3561450
3579406
3580335
3581484
3589449
3591502
3591637
3595089
3595825
3596816
3600532
3618070
3600798
3603190
3603499
3606973
3612033
3613161
3616426
3644487
3647082
3648077
3684385
3648544
3665005
3666536
3650832
3654660
3662624
3666429
3668377
3701013
3671976
3675152
3675154
3678555
3695841
3677675
3688491
3689548
3727753
3689911
3698747
3701299
3704366
3710704
3861065
3903620
3914634
3712078
3721496
3721497
3732960
3754398
3755042
3756345
3757508
3759277
3764532
3765501
3767183
3770735
3770736
4679393
3773624
3777926
3784890
3784901
3791837
3793449
3793696
3795171
3798373
3798378
3802317
3829913
3831190
3837137
3838622
3841861
3845906
3851547
3853099
3853713
3859785
3860779
3863014
3871753
3880108
3887307
3888682
3890663
3974395
4212326
3900708
3903974
3903393
4021669
3904331
3910634
3937223
3944144
3947583
3951645
3959094
3959243
3974423
3975781
3982291
3985927
3994480
3995808
3998951
4010004
3998695
4166404
4225332
3999531
3999568
4000327
4000886
4001315
4001990
4182561
4002902
4100492
4005105
4009988
4020280
4020786
4134579
4026393
4032765
4033854
4035545
4044341
4049712
4049882
4051898
4052635
4053559
4070007
4071590
4071712
4074533
4082234
4085195
4088922
4093457
4113289
4113524
4121936
4131132
4131680
4132085
4402802
4519533
4528076
4132366
4139118
4139244
4140869
4148257
4159092
4159584
4161734
4165290
4165721
4166422
4177106
4177202
4178416
4187144
4188547
4189739
4189819
4190194
4205366
4206360
4207215
4207297
4215965
4220128
4220690
4223559
4225477
4226271
4237906
4247133
4257500
4260723
4267177
4270952
4276950
4450922
4277471
4277533
4277541
4277943
4278011
4282195
4282284
4282285
4282286
4282287
4282288
4282289
4282290
4282291
4295556
4296688
4307891
4313254
4316417
4318701
4327896
4329734
4337667
4337668
4344451
4344782
4352803
4354127
4360903
4360906
5047427
4361353
4369704
4371085
4377067
4377500
4377713
4388012
4392960
4403711
4424145
4430868
4461217
4431338
4440090
4444744
4447996
4526082
4452452
4462417
4475665
4485104
4487659
4487663
4491942
4494758
4497568
4500420
4501763
4502176
4508538
4511021
4516943
4518724
4519119
4529450
4533849
4546274
4555323
4571715
4571942
4571943
4572261
4580382
4584129
4593307
4597924
4606556
4607067
4625804
4634682
4644086
4646862
4653241
4672134
4672137
4673458
4674858
4689227
4691931
4692731
4693296
4698474
4714097
4724833
4717979
4720134
4722272
5132406
4732295
4735038
4746102
4750242
4795283
4800513
4866300
4821120
4831094
4840079
4864408
4886921
4972323
5202021
4891850
4894031
4914171
4972072
4973572
4994500
5034823
5036212
5036213
5037638
5038294
5082120
5090690
5092682
5101586
5146528
5157682
5158694
5168250
5174856
5178071
5187400
5187401
5284302
5189914
5202134
5208180
5209081
5211222
5214103
5287291
5307673
5331139
5218580
5228319
5240739
5244740
5260412
5260413
5264349
5298015
5267367
5270827
5270828
5272081
5284284
5299605
5311149
5348105
5363579
5370008
5423979
5428054
5431557
5441139
5453706
5455559
5477780
5481911
5488384
5500241
5527442
5544448
5570496
5570497
5547633
5558871
5571611
5573669
5580880
5594890
5596240
5604355
5609597
5614697
5616663
5628556
