29691
110914
131564
153857
168480
168486
179559
2566272
194320
194322
202756
206275
292999
306934
400564
442037
445192
456291
609823
1033125
649034
657519
670501
690578
701033
716398
763289
768896
778603
800502
801165
823257
824359
824970
827926
832750
879312
996136
888715
903683
908297
934351
952183
952576
966034
1006386
1012160
1049018
1095907
1117247
1125231
1126317
1128426
1140087
1148238
1149435
1739636
1155547
1164369
1189538
1523023
1206499
1211828
1217004
1216667
1222034
1233051
1251361
1263848
1279343
1279490
1288480
1306932
1342357
1345674
1356012
1367498
1377739
1387233
1437419
1419149
1430503
1440743
1450182
1463294
1476130
1476144
1484895
2226097
1509639
1522964
1780417
1528842
1535289
1538159
1541243
1549194
1559974
1572141
1573582
1577423
1603080
1603595
1603957
1609215
1638680
1640995
1660932
1707233
1712354
1715921
1726478
1727534
1731978
2446893
1746520
1753120
1762322
1768264
1776939
1782215
1802225
1803114
1804515
2025443
1806531
1816733
1817464
1819587
1843236
1849487
1854558
1861656
1876287
1885112
1887289
1898492
2153771
1901149
1902799
1911625
1919041
1922693
1927613
1932206
1948655
1935726
1938335
1941180
1943013
3423785
1943554
1945032
1945199
1946996
1958623
1959413
1965863
1970032
1968148
1975886
1969064
1985100
1994839
1992818
1993172
2005865
2020098
2006719
2009577
2012548
2015527
2017579
2022893
2028397
2074994
2028973
2035761
2038186
2054203
2065883
2068313
2068347
2074251
2112706
2087289
2089074
2096523
2167576
2105177
2105804
2108885
2114461
2123415
2133726
2139546
2155904
2164247
2167265
2227418
2176046
2180681
2184661
2185651
2195984
3642830
2197297
2208939
2261360
2219809
2220743
2223096
2226932
2230657
2232119
2233533
2234808
2237046
3093485
2242240
2274076
2244254
2244335
2251000
2414804
2254959
2259356
2259810
2269795
2668905
2271628
2408448
2274388
2279885
2283680
2294521
2295195
2305462
3495667
2307246
2307796
2309006
2318302
2340228
2342187
2344868
2361902
2357069
2357589
2359478
2371802
2388562
2565022
2402366
2406736
2414548
2415723
2420241
2422768
2430730
2432451
2437708
2580856
2437716
2442178
2442838
2445848
2446006
2446698
2446824
2453613
2457465
2465287
2471716
2473365
2473757
2476320
2478570
2486052
2490611
2499391
2499534
2508933
2510085
2517999
2519013
2527866
2527867
2529484
2529614
2536116
2538865
2555110
2555111
2555112
2555113
2562227
2574593
2594547
2574902
2586617
2588797
2590503
2593243
2645666
2594285
2596847
2602326
2673582
2675215
2603689
2613078
2622415
2842819
2623008
2624042
2624227
2627629
2633136
2686649
2633685
2636244
2636826
2692632
2711069
2638692
2640443
2641377
2643101
2651784
2655469
3072831
2659349
2663197
2665344
2668953
2669841
2675202
2919880
2680283
2680834
2690998
2683872
2686289
2824130
2687032
2692423
2699135
2725845
2700747
2955648
2707713
2708946
2715016
3356229
2715749
2717891
2908767
2987037
2987479
2719427
2729687
2730029
2730290
2735463
2735803
3142110
2736518
2745135
2812266
2753990
2768528
2768567
2773954
2775779
2797157
2777517
2778437
2781252
2781671
2784409
2784412
2843299
2797998
2801804
2807033
2826322
2831036
2839795
2853446
2842445
2846548
2854589
2854590
2873457
2893305
2898443
2899404
2928050
2936071
2937684
2946166
2952884
2956199
3019856
2956919
2964073
2965262
2965875
2968616
2977346
2985706
2986340
2989093
2992705
2992795
3013524
2994165
3002756
3020554
3033108
3033922
3037872
3220743
3045452
3047440
3063370
3059194
3067630
3070926
3071710
3081746
3082601
3359370
3097055
3168251
3099250
3099686
3101133
3106044
3107394
3108100
3110178
3114197
3119075
3119225
3119382
3124213
3129608
3141909
3143257
3144020
3153693
3153799
3154910
3155868
3168353
3168373
3181080
3181310
3182719
3183543
3201174
3189187
3337346
3460202
3191887
3193021
3205097
3205635
3207056
3216805
3221274
3224533
3226670
3243261
3227488
3229024
3229025
3229026
3238107
3239477
3253483
3256477
3263248
3265614
3285984
3287483
3291091
3299411
3311036
3311309
3333973
3311346
3311532
3311853
3314541
3324215
3316857
3321639
3322521
3322611
3323667
3325486
3946378
3328031
3361539
3331731
3340914
3347723
3333699
3333728
3333729
3338638
3362072
3365041
3404214
3407111
3408392
3414737
3416138
3422381
3426722
3427667
3430131
3430156
3433462
3461182
3461183
3466259
3474632
3475324
3481520
3502636
3513428
3514241
3515032
3517097
3520227
3524081
3528869
3529703
3553117
3561197
3562538
3564151
3581830
3581968
3583774
3591639
3591703
3601680
3601681
3601683
3603350
3612220
3615202
3619544
3622466
3643685
3644248
3647040
3652028
3666608
3666616
3674243
3674778
3678088
3683292
3692029
3708373
3711134
3711333
3711420
3714678
3714679
3718674
3719439
3729621
3736115
3745080
3731297
3734845
3736423
3742309
3749509
3754408
3763961
3764514
3774971
3787578
3788110
3791771
3793494
3793711
3804670
3809913
3811441
3822820
3830393
3836661
3841982
3844095
3845724
3851543
3886514
3929092
3854965
3856534
3860817
3871698
3966316
3973593
3875735
3890184
3876547
3879769
3885167
3889346
3903745
3910103
3920755
3924950
3925951
3931858
3939123
3960880
3952312
3975991
3975992
3979221
4056517
4081520
3986752
3988647
3993221
3995940
3996155
3997627
3997455
4002557
4011061
4015880
4022921
4024104
4025608
4049584
4053593
4055143
4059516
4060450
4065519
4120999
4068544
4074798
4076282
4077568
4082394
4091841
4103881
4347160
4104742
4131291
4113710
4119358
4122168
4122999
4222041
4222042
4131123
4375019
4412268
4132253
4191546
4138344
4146007
4151120
4160128
4178035
4180726
4191729
4394880
4196256
4209555
4213063
4326859
4215985
4217520
4221006
4241653
4225819
4637337
4231822
4235022
4242676
4246922
4248306
4253392
4253482
4265911
4451595
4452323
4268897
4276893
4278436
4284784
4284969
4285889
4286863
4300341
4476819
4307667
4315180
4326979
4327789
4333227
4335677
4344441
4351786
4411600
4357765
4360132
4362117
4366467
4368609
4369189
4374175
4375441
4376248
4376731
4376782
4377737
4378031
4384589
4384633
4384634
4423384
4386897
4393816
4528258
4402631
4430197
4443377
4431131
4439913
4514675
4440556
4447148
4475172
4446244
4446255
4448250
4451972
4453862
4454352
4458305
4607962
4463730
4551633
5152934
4464241
4467468
4490721
4503012
4504797
4518044
4519915
4531744
5102435
5109226
4520566
4524264
4524268
4524272
4532900
4553917
4543700
4704364
4543987
4553495
4553496
4562942
4565203
4569017
4587097
4588435
4595153
4596742
4602327
4605017
4609830
4610204
4625788
4630382
4636162
4641212
4642476
4653331
4654341
4663097
4665014
4665271
4673188
4674472
4719384
4682447
4682693
4685613
4692886
4693233
4715384
4720822
4722372
4724370
5316446
4728160
4733017
4733758
4734975
4745919
4757418
4758339
4762663
4786732
4787351
4795591
4819704
4829849
5363986
4831104
4831571
4834157
4836943
4924155
4936785
4841000
4847646
4841211
4842095
4847511
5047687
5072061
4849119
4867292
5214945
5285408
4875166
4881612
4883341
4901954
4910435
4920011
4926477
4935983
4941331
4941335
4946406
4954476
5006350
4962173
4966540
4973362
4974548
5330821
5004740
5454801
5015415
5018941
5028496
5059397
5066384
5069759
5081245
5081246
5094024
5134968
5103013
5118064
5119879
5121217
5125300
5125339
5125590
5135631
5146682
5158600
5172213
5168794
5189031
5230157
5169355
5175660
5178678
5179205
5187417
5187418
5188475
5190999
5202061
5209508
5202862
5213149
5222292
5231751
5231757
5260166
5265946
5267640
5282445
5330295
5348590
5370073
5399172
5405928
5426164
5457029
5474353
5482355
5550478
5551976
5572189
5580238
5582368
5605375
5616484
5618045
5619761
5639081
