178550
541990
765525
813005
861856
896430
934812
977198
984660
987514
998183
1011288
1014879
1050214
1100429
1137171
1182535
1217021
1241865
1243416
1245231
1284430
1249425
1263140
1274968
1294744
1296164
1299008
1303427
1306399
1313816
1347099
1351114
1354636
1373874
1389757
1392667
1438557
1468581
1444358
1464590
1475812
1477910
1478218
1487797
1495322
1500437
1501410
1562497
1501737
1512807
1515987
1540283
1544689
1545078
1875484
1559554
1569152
1570798
1575929
1576337
1578351
1582594
1590460
1596569
1614716
1630556
1633532
1639734
1656879
1657931
1659770
1669918
1670874
1671244
1671458
1693575
1695344
1722011
1722775
2617306
1731655
1734494
1741093
1756216
1763410
1808238
1770304
1774031
1780725
1782215
1784484
1799836
1805438
1812405
1831051
1839581
1842867
1843575
1844382
1850200
1858570
1861701
1883952
1884850
1885215
1890047
1892676
1924570
1945147
1949860
1950290
1950959
1961615
1966086
1969171
1972165
1972913
1974347
2006067
2011189
2012343
2018651
2139741
2024067
2024333
2034284
2034588
2047528
2057956
2058636
2061081
2070079
2074851
2092293
2097855
2103267
2123820
2130516
2543331
2130903
2133938
2135261
2221010
2136334
2136959
2187624
2141854
2141880
2146372
2161036
2198951
2218604
2219880
2220926
2226504
2248408
2248783
2275704
2251036
2260036
2266153
2269684
2295053
2296800
2301034
2324729
2303909
2303910
2305315
2305316
2305317
2369325
2402482
2316728
2330076
2333963
2339004
2345637
2352892
2362076
2362655
2363847
2364004
2374190
2376713
2529041
2385599
2389811
2394122
2398424
2400756
2430989
2400926
2404722
2405674
2414418
2414572
2416639
2424768
2454757
2455380
2466971
2469542
2476968
2479006
2480417
2489209
2504503
2520609
2532012
2533431
2537649
2537709
2565155
2574882
2580586
2585025
2590616
2595199
2595654
2599165
2599344
2603702
2604483
2605902
2610417
2611132
2613140
2616114
2621145
2623950
2625175
2633668
3170032
2633674
2643106
2650657
2651798
2659353
2733296
2659858
2663016
2663018
2663020
2663767
3464414
2667010
2670817
2673273
2680328
2689434
2699240
3020100
2708965
2708967
2711306
2719485
2722429
2725788
2729357
2729871
2731945
2732602
2734059
2745944
2745957
2833226
2753127
2756784
2780160
2785316
2788974
2791024
2809623
2824210
2825422
2827368
3332588
2831914
2831915
3004748
2840490
2842104
2844308
2855075
2961607
2867706
2868387
2868388
2868790
2868791
2869375
2877438
2895406
2896717
2905289
2907086
2907229
2915338
3087146
2915478
2916573
2916575
2973666
2921554
2943252
2952639
2956462
2966498
2969095
2981537
2997935
3003419
3006239
3010492
3015861
3634614
3014360
3018621
3020246
3044230
3048737
3057478
3061893
3061894
3066436
3067209
3070012
3070177
3073509
3076066
3079723
3079834
3082062
3089773
3121101
3124446
3131694
3133585
3134105
3141740
3153499
3155269
3156268
3157743
3162796
3166325
3169568
3232595
3172759
3239350
3173440
3173785
3180421
3181309
3182614
3193011
3200649
3204087
3204197
3208076
3205283
3622090
3205720
3205991
3209907
3256284
3215025
3756543
3215999
3216836
3226353
3227289
3228591
3229021
3238631
3241947
3244371
3251845
3251852
3255289
3256035
3257640
3263131
3266593
3271906
3272816
3276740
3277004
3283681
3285831
3287591
3287875
3297831
3301301
3302861
3316178
3322526
3333703
3343313
3359700
3360639
3364545
3377399
3381891
3411617
3421688
3430958
3448376
3448553
3461180
3471755
3473158
3476108
3478971
3481644
3481645
3499455
3500174
3506747
3513037
3514299
3521804
3522262
3524592
3535254
3535885
3535897
3548715
3550482
3563740
3571449
3580580
3580667
3582212
3587013
3588248
3591993
3593847
3595011
3595696
3598884
3606794
3603353
3603500
3614063
3625142
3631936
3634732
3638159
3639372
3805877
3647585
3660035
3661943
3665397
3665400
3666371
3666464
3668660
3676436
3698760
3711332
3711526
3711676
3716153
3716154
3723927
3740872
3742247
3752651
3754093
3762049
3764497
3774993
3775432
3783720
3783721
3783722
3783723
3811148
3832950
3836349
3842505
3777819
3783209
3784997
3793473
3794853
3795251
3797496
3798506
3801640
3802734
3807016
3816321
3825151
3831280
3832127
3944433
3844604
3844605
4319277
3845085
3846435
3847619
3851585
3868452
3853432
3859808
3860793
3860803
3864489
3865612
3866198
3873310
3880527
3882667
3890684
3930382
3933563
3967161
3967162
3997150
4000054
4006415
4753267
4753272
4007938
4014152
4057648
4019749
4022354
4026751
4041492
4049615
4051891
4052461
4060312
4069573
4070881
4086382
4089505
4093542
4093543
4093595
4107647
4109278
4113521
4117550
4129148
4131188
4146045
4146401
4151095
4152460
4152512
4155780
4160111
4188675
4160531
4162520
4164498
4170303
4176248
4178373
4626952
4182422
4186224
4186705
4187148
4189704
4193423
4209072
4195596
4196518
4196519
4209601
4216038
4226544
4248817
4252674
4254423
4259558
4262164
4265661
4275964
4278109
4284810
4284814
4390273
4287061
4292677
4540987
4295723
4302884
4303314
4304653
4315624
4327898
4332223
4333021
4334502
4339847
4340999
4344442
4344774
4345061
4352824
4355544
4356545
4356758
4368604
4374348
4376790
4378467
4384637
4385157
4385158
4399415
4424858
4435357
4438538
4809217
4452073
4470793
4475963
4475964
4478910
4486250
4590538
4492456
4493066
4493247
4499622
4508246
4512013
4512661
4521961
4522422
4925675
4536506
4545960
4553732
4555370
4561480
4561482
4563864
4571644
4571970
4576238
4582805
4592400
4584860
4585857
4592148
4596731
4613868
4618593
4625963
4629735
4646423
4646919
4650220
4653785
4653786
4661930
4672115
4673006
4680237
4682129
4682533
4684332
4684338
4687858
4691331
4692054
4692379
4703708
4713553
4721781
4727810
4722953
4723710
4724708
4733062
4733750
4733828
4736132
4745841
4753330
4754031
4757408
4833771
4835310
4894709
4787813
4794595
4795422
4838708
4841278
4847498
4855557
4872735
4888924
5101312
4915942
4920193
4935905
4951941
4962178
4975303
5007159
5011158
5198838
5011340
5029252
5191654
5032320
5032325
5039526
5092736
5112601
5124219
5135285
5148286
5157410
5168226
5169367
5179265
5189922
5199328
5202135
5214009
5216647
5236604
5244796
5266989
5269447
5289109
5308445
5309402
5311290
5337310
5342815
5347631
5348636
5364786
5420616
5436594
5360395
5367654
5406241
5416108
5416109
5416113
5438957
5461701
5511498
5539108
5539451
5539713
5550603
5558936
5591032
5618095
5628553
5638865
5676146
5720882
